Feature ID	Wild-type - WT3_S9 (GE) - Expression values	Wild-type - WT3_S9 (GE) - Unique gene reads	Wild-type - WT3_S9 (GE) - Total gene reads
SAOUHSC_01037	180	180	180
SAOUHSC_00303	3	3	3
SAOUHSC_00978	257	257	257
SAOUHSC_02313	6	6	6
SAOUHSC_02518	9	9	9
SAOUHSC_A02577	4	4	4
SAOUHSC_01295	15	15	15
SAOUHSC_02705	10	10	10
SAOUHSC_01290	86	86	86
SAOUHSC_01291	10	10	10
SAOUHSC_02732	4	4	4
SAOUHSC_T00016	1	0	1
SAOUHSC_00823	397	397	397
SAOUHSC_02515	1621	1621	1621
SAOUHSC_01930	46	46	46
SAOUHSC_02925	133	133	133
SAOUHSC_00069	1747201	1747201	1747201
SAOUHSC_02312	19445	19445	19445
SAOUHSC_01357	349	349	349
SAOUHSC_02771	355	355	355
SAOUHSC_01315	11	11	11
SAOUHSC_00244	529	529	529
SAOUHSC_A02450	99	99	99
SAOUHSC_02799	66	66	66
SAOUHSC_02832	33	33	33
SAOUHSC_01902	188	188	188
SAOUHSC_02109	10	10	10
SAOUHSC_02657	5	5	5
SAOUHSC_01704	148	148	148
SAOUHSC_02603	1214	1214	1214
SAOUHSC_01113	73	73	73
SAOUHSC_00853	50	50	50
SAOUHSC_01637	72	72	72
SAOUHSC_01421	17	17	17
SAOUHSC_01305	59	59	59
SAOUHSC_00253	9448	9448	9448
SAOUHSC_02311	30079	30079	30079
SAOUHSC_00599	208	208	208
SAOUHSC_01264	8551	8551	8551
SAOUHSC_02821	384	384	384
SAOUHSC_01628	566	566	566
SAOUHSC_00545	61678	60817	61678
SAOUHSC_00232	63758	63758	63758
SAOUHSC_01841	118	118	118
SAOUHSC_00087	2	2	2
SAOUHSC_00470	3	3	3
SAOUHSC_01230	29	29	29
SAOUHSC_02141	3	3	3
SAOUHSC_T00052	58	2	58
SAOUHSC_02566	6667	6667	6667
SAOUHSC_02338	1487	1487	1487
SAOUHSC_02310	10398	10398	10398
SAOUHSC_R0002	91	1	91
SAOUHSC_02856	59	59	59
SAOUHSC_02820	856	856	856
SAOUHSC_01297	243	243	243
SAOUHSC_00233	163476	163476	163476
SAOUHSC_1307a	51	51	51
SAOUHSC_00916	99	99	99
SAOUHSC_01331	4	4	4
SAOUHSC_00270	995	995	995
SAOUHSC_02701	165	165	165
SAOUHSC_01863	2368	2368	2368
SAOUHSC_01119	1678	1678	1678
SAOUHSC_00824	456	456	456
SAOUHSC_01131	1790	1790	1790
SAOUHSC_01293	19	19	19
SAOUHSC_02809	6097	6097	6097
SAOUHSC_02129	96	96	96
SAOUHSC_00718	652	652	652
SAOUHSC_00492	485	485	485
SAOUHSC_01024	5986	5986	5986
SAOUHSC_02455	121	121	121
SAOUHSC_02419	689	689	689
SAOUHSC_03002	389	389	389
SAOUHSC_01971	306	306	306
SAOUHSC_02432	11	11	11
SAOUHSC_00589	206	206	206
SAOUHSC_02452	284	284	284
SAOUHSC_00238	4	4	4
SAOUHSC_01123	722	722	722
SAOUHSC_02607	16986	16986	16986
SAOUHSC_00045	56	56	56
SAOUHSC_01101	160	160	160
SAOUHSC_02606	14767	14767	14767
SAOUHSC_03045	16421	16421	16421
SAOUHSC_00040	8	8	8
SAOUHSC_00826	7262	7262	7262
SAOUHSC_00070	6128	6128	6128
SAOUHSC_02453	278	278	278
SAOUHSC_T00020	8	0	8
SAOUHSC_01389	556	556	556
SAOUHSC_00251	1116	1116	1116
SAOUHSC_00972	1136	1136	1136
SAOUHSC_02393	1086	1086	1086
SAOUHSC_03003	42	42	42
SAOUHSC_00591	480	480	480
SAOUHSC_01956	386	386	386
SAOUHSC_00593	298	298	298
SAOUHSC_01334	1380	1380	1380
SAOUHSC_00446	11	11	11
SAOUHSC_02470	684	684	684
SAOUHSC_00852	10	10	10
SAOUHSC_03046	714	714	714
SAOUHSC_00747	2418	2418	2418
SAOUHSC_00255	334	334	334
SAOUHSC_00260	245	245	245
SAOUHSC_00973	15467	15467	15467
SAOUHSC_02572	1851	1851	1851
SAOUHSC_01950	70	70	70
SAOUHSC_02817	33	33	33
SAOUHSC_03000	52	52	52
SAOUHSC_00075	608	608	608
SAOUHSC_02320	5145	5145	5145
SAOUHSC_00271	1463	1463	1463
SAOUHSC_00144	106314	106314	106314
SAOUHSC_02588	17	17	17
SAOUHSC_02808	12183	12183	12183
SAOUHSC_01292	107	107	107
SAOUHSC_01090	7	7	7
SAOUHSC_01055a	1207	1207	1207
SAOUHSC_02886	46	46	46
SAOUHSC_01111	93	93	93
SAOUHSC_00841	1260	1260	1260
SAOUHSC_02914	8	8	8
SAOUHSC_00254	87	87	87
SAOUHSC_00915	83	83	83
SAOUHSC_01923	416	416	416
SAOUHSC_00145	11062	11062	11062
SAOUHSC_02314	47720	47720	47720
SAOUHSC_02990	26745	26745	26745
SAOUHSC_00076	920	920	920
SAOUHSC_00074	10142	10142	10142
SAOUHSC_00249	1351	1351	1351
SAOUHSC_A02331	129	129	129
SAOUHSC_01897	240	240	240
SAOUHSC_01353	495	495	495
SAOUHSC_02153	620	620	620
SAOUHSC_01957	1299	1299	1299
SAOUHSC_02618	8295	8295	8295
SAOUHSC_02858	109	109	109
SAOUHSC_00704	7540	7540	7540
SAOUHSC_00612	169	169	169
SAOUHSC_00674	2183	2183	2183
SAOUHSC_00775	1244	1244	1244
SAOUHSC_00257	14295	14295	14295
SAOUHSC_00203	319	319	319
SAOUHSC_02157	1419	1419	1419
SAOUHSC_00806	1378	1378	1378
SAOUHSC_01363	5529	5529	5529
SAOUHSC_02664	2725	2725	2725
SAOUHSC_01030	1434	1434	1434
SAOUHSC_00272	381	381	381
SAOUHSC_02798	16616	16616	16616
SAOUHSC_00808	4392	4392	4392
SAOUHSC_01120	4647	4647	4647
SAOUHSC_01394	638	638	638
SAOUHSC_00250	1248	1248	1248
SAOUHSC_00205	4	4	4
SAOUHSC_00650	4	4	4
SAOUHSC_01294	15	15	15
SAOUHSC_01300	3	3	3
SAOUHSC_01765	3	3	3
SAOUHSC_01937	5	5	5
SAOUHSC_02339	0	0	0
SAOUHSC_02451	100	100	100
SAOUHSC_02616	1	1	1
SAOUHSC_02889	1	1	1
SAOUHSC_02940	1	1	1
SAOUHSC_A00526	1	0	1
SAOUHSC_02454	134	134	134
SAOUHSC_01603	349	344	349
SAOUHSC_02813	4211	4211	4211
SAOUHSC_01409	309	309	309
SAOUHSC_00360	1509	1509	1509
SAOUHSC_00084	548	548	548
SAOUHSC_02521	489	489	489
SAOUHSC_00749	28306	28306	28306
SAOUHSC_02819	121	121	121
SAOUHSC_02315	15993	15993	15993
SAOUHSC_02759	8369	8369	8369
SAOUHSC_00289	139	139	139
SAOUHSC_02245	534	534	534
SAOUHSC_03005	285	285	285
SAOUHSC_00986	571	571	571
SAOUHSC_00261	1650	1650	1650
SAOUHSC_00112	48	32	48
secY_2	442	442	442
SAOUHSC_00409	308	308	308
SAOUHSC_01422	370	370	370
SAOUHSC_00991	1163	1163	1163
SAOUHSC_02619	7937	7937	7937
SAOUHSC_02991	4450	4450	4450
SAOUHSC_01324	11608	11608	11608
SAOUHSC_01905	39	30	39
SAOUHSC_00746	4111	4111	4111
SAOUHSC_02702	175	175	175
SAOUHSC_02928	114	114	114
SAOUHSC_00266	774	774	774
SAOUHSC_00926	2790	2790	2790
SAOUHSC_00300	41412	41412	41412
SAOUHSC_00993	91	91	91
SAOUHSC_02271	292	292	292
SAOUHSC_00135	589	589	589
SAOUHSC_00077	1547	1547	1547
SAOUHSC_01388	15	15	15
SAOUHSC_00588	675	675	675
SAOUHSC_00701	1585	1584	1585
SAOUHSC_02156	8	8	8
SAOUHSC_00923	1660	1660	1660
SAOUHSC_01647	1457	1457	1457
SAOUHSC_00913	92	92	92
SAOUHSC_00042	867	867	867
SAOUHSC_02378	3885	3885	3885
SAOUHSC_00927	6590	6590	6590
SAOUHSC_02008	3547	3547	3547
SAOUHSC_01984	598	598	598
SAOUHSC_00725	550	550	550
SAOUHSC_00544	8550	8463	8550
SAOUHSC_00259	794	794	794
SAOUHSC_01503	2627	2627	2627
SAOUHSC_00202	184	184	184
SAOUHSC_00357	4419	4419	4419
SAOUHSC_02795	447	447	447
SAOUHSC_01084	1139	1139	1139
SAOUHSC_00753	901	901	901
SAOUHSC_02437	221	157	221
SAOUHSC_00044	1287	1287	1287
SAOUHSC_01013	5550	5550	5550
SAOUHSC_00193	105	105	105
SAOUHSC_02104	122	122	122
SAOUHSC_01097	3642	3642	3642
SAOUHSC_00166	2059	2059	2059
SAOUHSC_03001	5710	5710	5710
SAOUHSC_01627	7008	7008	7008
SAOUHSC_00585	94	94	94
SAOUHSC_00837	36	36	36
SAOUHSC_00992	619	619	619
SAOUHSC_01789	10887	10887	10887
SAOUHSC_00844	1601	1601	1601
SAOUHSC_00925	2893	2893	2893
SAOUHSC_01311	112	112	112
SAOUHSC_01484	9	9	9
SAOUHSC_02883	1796	1796	1796
SAOUHSC_02309	1597	1597	1597
SAOUHSC_01072	3545	3545	3545
SAOUHSC_00618	971	971	971
SAOUHSC_02800	17	17	17
SAOUHSC_00537	2254	2254	2254
SAOUHSC_00025	7174	7174	7174
SAOUHSC_02144	1480	1480	1480
SAOUHSC_00936	108	108	108
SAOUHSC_00072	2696	2696	2696
SAOUHSC_01088	420	420	420
SAOUHSC_02256	4977	4977	4977
SAOUHSC_00163	4504	4504	4504
SAOUHSC_00046	289	289	289
SAOUHSC_00931	482	482	482
SAOUHSC_02944	469	469	469
SAOUHSC_00030	5249	5249	5249
SAOUHSC_00924	1854	1854	1854
SAOUHSC_00258	5226	5226	5226
SAOUHSC_02246	543	543	543
SAOUHSC_02678	1751	1751	1751
SAOUHSC_01010	925	925	925
SAOUHSC_02458	29	29	29
SAOUHSC_00275	746	555	746
SAOUHSC_00368	17	17	17
SAOUHSC_01310	28273	28273	28273
SAOUHSC_00164	3917	3917	3917
SAOUHSC_02275	67	67	67
SAOUHSC_01012	1575	1575	1575
SAOUHSC_03047	283	283	283
SAOUHSC_00842	1895	1895	1895
SAOUHSC_01918	48557	48557	48557
SAOUHSC_00706	3993	3993	3993
SAOUHSC_02688	9	9	9
SAOUHSC_00636	69316	69316	69316
SAOUHSC_02622	15392	15392	15392
SAOUHSC_02722	622	622	622
SAOUHSC_02865	142	142	142
SAOUHSC_02589	10698	10698	10698
SAOUHSC_00682	3298	3298	3298
SAOUHSC_00299	896	896	896
SAOUHSC_00279	2215	2215	2215
SAOUHSC_01896	2433	2433	2433
SAOUHSC_01898	354	354	354
SAOUHSC_02528	2040	2040	2040
SAOUHSC_02973	1713	1713	1713
SAOUHSC_02570	395	395	395
SAOUHSC_02868	379	379	379
SAOUHSC_02258	1695	1695	1695
SAOUHSC_01799	28124	28124	28124
SAOUHSC_00540	748	748	748
SAOUHSC_01635	1637	1637	1637
SAOUHSC_00669	10584	10584	10584
SAOUHSC_02806	14162	14162	14162
SAOUHSC_01919	67769	67769	67769
SAOUHSC_00274	888	866	888
SAOUHSC_00744	63	63	63
SAOUHSC_01945	852	852	852
SAOUHSC_00965	3180	3180	3180
SAOUHSC_02609	158	158	158
SAOUHSC_00313	89131	89131	89131
SAOUHSC_01011	738	738	738
SAOUHSC_02666	5310	5310	5310
SAOUHSC_00800	3686	3686	3686
SAOUHSC_01304	1087	1087	1087
SAOUHSC_00843	753	753	753
SAOUHSC_02465	9001	9001	9001
SAOUHSC_01014	5070	5070	5070
recX	6421	6421	6421
SAOUHSC_00089	142	141	142
SAOUHSC_01931	1304	1304	1304
SAOUHSC_01085	1016	1016	1016
SAOUHSC_01356	4962	4962	4962
SAOUHSC_00421	775	775	775
SAOUHSC_01954	170	170	170
SAOUHSC_01879	35191	35191	35191
SAOUHSC_00862	4396	4396	4396
SAOUHSC_01112	567	567	567
SAOUHSC_02651	3980	3980	3980
SAOUHSC_01604	6842	6772	6842
SAOUHSC_00134	1146	1146	1146
SAOUHSC_01729	12576	12576	12576
SAOUHSC_00130	1434	1434	1434
SAOUHSC_02462	17	17	17
SAOUHSC_03018	394	394	394
SAOUHSC_00269	16400	14288	16400
SAOUHSC_02145	576	576	576
SAOUHSC_02794	1281	1281	1281
SAOUHSC_02811	13595	13595	13595
SAOUHSC_1342a	7638	7638	7638
SAOUHSC_00262	7561	7561	7561
SAOUHSC_00977	860	860	860
SAOUHSC_03004	216	216	216
SAOUHSC_02988	1732	1732	1732
SAOUHSC_00347	1557	1557	1557
SAOUHSC_00838	10121	10121	10121
SAOUHSC_02335	9761	9761	9761
SAOUHSC_02608	2835	2835	2835
SAOUHSC_02475	746	746	746
SAOUHSC_01395	887	887	887
SAOUHSC_02624	6749	6749	6749
SAOUHSC_00389	104	103	104
SAOUHSC_00395	666	666	666
SAOUHSC_01137	7486	7486	7486
SAOUHSC_01922	1872	1872	1872
SAOUHSC_00199	24486	24486	24486
SAOUHSC_00700	2206	2206	2206
SAOUHSC_01124	112	112	112
SAOUHSC_02272	601	601	601
SAOUHSC_02631	4787	4787	4787
SAOUHSC_01155	3413	3413	3413
SAOUHSC_01015	4133	4133	4133
SAOUHSC_01173	1888	1888	1888
SAOUHSC_00634	120677	120677	120677
SAOUHSC_00748	3611	3611	3611
SAOUHSC_01016	2258	2258	2258
SAOUHSC_02971	616	616	616
SAOUHSC_00637	103842	103842	103842
SAOUHSC_00078	863	863	863
SAOUHSC_01999	10571	10571	10571
SAOUHSC_00131	628	628	628
SAOUHSC_02620	1877	1877	1877
SAOUHSC_01009	3682	3682	3682
SAOUHSC_02641	277	277	277
SAOUHSC_02777	3526	3526	3526
SAOUHSC_00175	4958	4958	4958
SAOUHSC_02585	9917	9917	9917
SAOUHSC_02409	96725	96725	96725
SAOUHSC_01023	55	55	55
SAOUHSC_02549	12932	12932	12932
SAOUHSC_02519	11057	11057	11057
SAOUHSC_01073	2875	2875	2875
SAOUHSC_01800	17965	17965	17965
SAOUHSC_00312	21941	21941	21941
SAOUHSC_00922	364	364	364
SAOUHSC_00497	3890	3890	3890
SAOUHSC_01942	50	50	50
SAOUHSC_00828	2322	2322	2322
SAOUHSC_02670	9359	9359	9359
SAOUHSC_02737	10123	10123	10123
SAOUHSC_01952	734	734	734
SAOUHSC_02575	3896	3896	3896
SAOUHSC_00351	347	347	347
SAOUHSC_00774	3355	3355	3355
SAOUHSC_00697	534	534	534
SAOUHSC_00290	13073	13073	13073
SAOUHSC_00548	9392	9392	9392
SAOUHSC_01921	1113	1113	1113
SAOUHSC_02524	3930	3930	3930
SAOUHSC_00662	1658	1658	1658
SAOUHSC_00053	220	220	220
SAOUHSC_01067	7370	7370	7370
SAOUHSC_00311	17039	17039	17039
SAOUHSC_00673	3239	3239	3239
SAOUHSC_00088	114	114	114
SAOUHSC_02529	6855	6855	6855
SAOUHSC_02744	6304	6304	6304
SAOUHSC_00162	32197	32197	32197
trpC	142	142	142
SAOUHSC_00229	1096	1096	1096
SAOUHSC_02650	24376	24376	24376
SAOUHSC_02450	924	924	924
SAOUHSC_00050	1831	1831	1831
SAOUHSC_02605	1700	1700	1700
SAOUHSC_00264	527	527	527
SAOUHSC_00619	27499	27499	27499
SAOUHSC_00182	255	255	255
SAOUHSC_01387	310	310	310
SAOUHSC_02756	1226	1226	1226
SAOUHSC_01396	967	967	967
SAOUHSC_01655	1461	1461	1461
SAOUHSC_01847	4427	4427	4427
SAOUHSC_00874	2775	2775	2775
SAOUHSC_00280	4949	4949	4949
SAOUHSC_00197	16495	16495	16495
SAOUHSC_00363	2103	2103	2103
SAOUHSC_02696	1296	1296	1296
SAOUHSC_00195	17252	17252	17252
SAOUHSC_01336	5951	5951	5951
SAOUHSC_00105	321	321	321
SAOUHSC_02599	1841	1841	1841
SAOUHSC_01798	1240	1240	1240
SAOUHSC_03016	1671	1671	1671
SAOUHSC_00079	1402	1400	1402
SAOUHSC_00949	1920	1920	1920
SAOUHSC_00049	8074	8074	8074
SAOUHSC_00325	176	176	176
SAOUHSC_00173	2509	2509	2509
SAOUHSC_02731	8526	8526	8526
SAOUHSC_00376	201	201	201
SAOUHSC_01403	141175	141175	141175
SAOUHSC_00104	248	248	248
SAOUHSC_02937	3838	3838	3838
SAOUHSC_02773	25296	25296	25296
SAOUHSC_00198	22975	22975	22975
SAOUHSC_02390	28369	28369	28369
SAOUHSC_00335	1433	1433	1433
SAOUHSC_02923	1288	1288	1288
SAOUHSC_01617	7024	7024	7024
SAOUHSC_02810	20411	20411	20411
SAOUHSC_01180	3095	3095	3095
gpmA	26254	26254	26254
SAOUHSC_01707	13429	13429	13429
SAOUHSC_02476	850	850	850
SAOUHSC_01301	2	2	2
SAOUHSC_01397	1039	1039	1039
SAOUHSC_01317	18776	18776	18776
ulaA	57304	57304	57304
SAOUHSC_00196	29023	29023	29023
SAOUHSC_00133	2610	2610	2610
SAOUHSC_00515	3260	3260	3260
SAOUHSC_01948	2281	2281	2281
SAOUHSC_00328	1036	1036	1036
SAOUHSC_01303	1318	1318	1318
SAOUHSC_03022	8268	8268	8268
SAOUHSC_00383	1269	1269	1269
SAOUHSC_01082	1396	1396	1396
SAOUHSC_00324	2486	2486	2486
SAOUHSC_02882	1753	1753	1753
SAOUHSC_00394	164	164	164
SAOUHSC_00329	689	689	689
SAOUHSC_00620	10388	10388	10388
SAOUHSC_00008	23895	23895	23895
SAOUHSC_01268	968	968	968
SAOUHSC_00041	1296	1296	1296
SAOUHSC_02837	393	393	393
SAOUHSC_00384	175	175	175
SAOUHSC_00080	1900	1897	1900
SAOUHSC_02001	15828	15828	15828
SAOUHSC_00961	101	101	101
SAOUHSC_01489	95	94	95
SAOUHSC_00136	73	73	73
SAOUHSC_01134	533	533	533
SAOUHSC_00220	6651	6651	6651
SAOUHSC_01650	3443	3443	3443
SAOUHSC_01849	8948	8948	8948
SAOUHSC_02151	2091	2091	2091
SAOUHSC_03048	168	168	168
SAOUHSC_02430	40097	40097	40097
SAOUHSC_00941	9898	9898	9898
SAOUHSC_01710	3958	3958	3958
SAOUHSC_00065	3218	3218	3218
SAOUHSC_02569	128	128	128
SAOUHSC_00948	22482	22482	22482
SAOUHSC_02905	459	459	459
SAOUHSC_03026	1711	1711	1711
SAOUHSC_01917	154	154	154
SAOUHSC_03028	5444	5444	5444
SAOUHSC_00178	3923	3923	3923
SAOUHSC_00256	1711	1711	1711
SAOUHSC_02912	22516	22516	22516
SAOUHSC_00132	282210	282210	282210
SAOUHSC_00422	1874	1874	1874
SAOUHSC_00962	953	953	953
SAOUHSC_02931	707	707	707
SAOUHSC_02986	1005	1005	1005
SAOUHSC_01671	2496	2496	2496
SAOUHSC_02761	1597	1597	1597
SAOUHSC_01181	11900	11900	11900
SAOUHSC_02248	1608	1608	1608
SAOUHSC_01213	7898	7898	7898
SAOUHSC_01220	395	395	395
SAOUHSC_00221	11039	11039	11039
SAOUHSC_00740	3443	3443	3443
SAOUHSC_01464	23450	23450	23450
SAOUHSC_01899	382	382	382
SAOUHSC_01691	511	511	511
SAOUHSC_00222	15401	15401	15401
SAOUHSC_01110	2078	2078	2078
SAOUHSC_01008	1207	1207	1207
SAOUHSC_02449	1577	1577	1577
SAOUHSC_00845	163697	163697	163697
SAOUHSC_01414	5655	5655	5655
SAOUHSC_01640	77	77	77
SAOUHSC_02660	8896	8896	8896
SAOUHSC_01846	60694	60694	60694
SAOUHSC_00479	10785	10785	10785
SAOUHSC_02435	1736	1736	1736
SAOUHSC_00322	6759	6759	6759
SAOUHSC_02743	3062	3062	3062
SAOUHSC_00988	2355	2355	2355
SAOUHSC_02733	11646	11646	11646
SAOUHSC_01768	6989	6989	6989
SAOUHSC_02555	5408	5408	5408
SAOUHSC_00825	15364	15364	15364
SAOUHSC_02767	3435	3435	3435
SAOUHSC_01385	679	679	679
SAOUHSC_02960	6249	6249	6249
SAOUHSC_00276	954	776	954
SAOUHSC_02464	11575	11575	11575
SAOUHSC_00393	133	133	133
SAOUHSC_02471	1334	1334	1334
SAOUHSC_00007	1760	1760	1760
SAOUHSC_02593	2539	2539	2539
SAOUHSC_00176	5408	5408	5408
SAOUHSC_00885	9791	9791	9791
SAOUHSC_00177	6515	6515	6515
SAOUHSC_02719	817	817	817
SAOUHSC_02645	1157	1157	1157
SAOUHSC_02842	256	256	256
nrdI	8828	8365	8828
SAOUHSC_00151	8481	8481	8481
SAOUHSC_02568	6379	6379	6379
SAOUHSC_01399	2033	2033	2033
SAOUHSC_00362	10890	10890	10890
SAOUHSC_00556	26178	26178	26178
SAOUHSC_00277	1462	1392	1462
SAOUHSC_02127	899	899	899
SAOUHSC_02911	2235	2235	2235
SAOUHSC_02014	3403	3403	3403
SAOUHSC_02790	8516	8516	8516
SAOUHSC_00678	11599	11599	11599
SAOUHSC_01296	992	992	992
SAOUHSC_02614	4539	4539	4539
SAOUHSC_01830	4732	4732	4732
SAOUHSC_01133	2048	2048	2048
SAOUHSC_01366	931	931	931
SAOUHSC_01657	1877	1877	1877
SAOUHSC_01440	813	813	813
SAOUHSC_01884	167358	167358	167358
SAOUHSC_02472	2835	2835	2835
SAOUHSC_00938	18920	18920	18920
SAOUHSC_00738	116483	116483	116483
SAOUHSC_02658	512	512	512
SAOUHSC_02910	6730	6730	6730
SAOUHSC_01835	3607	3600	3607
SAOUHSC_00314	2952	2952	2952
SAOUHSC_00707	5133	5133	5133
SAOUHSC_00052	132	126	132
SAOUHSC_01997	22644	22644	22644
SAOUHSC_02851	116	116	116
SAOUHSC_02801	16628	16628	16628
SAOUHSC_01986	11709	11709	11709
SAOUHSC_00143	3697	3697	3697
SAOUHSC_00081	897	896	897
SAOUHSC_02119	27560	27560	27560
SAOUHSC_01507	87	87	87
SAOUHSC_00204	9698	9698	9698
SAOUHSC_00810	731	731	731
SAOUHSC_00940	8275	8275	8275
SAOUHSC_00265	615	615	615
SAOUHSC_02739	6576	6576	6576
SAOUHSC_02259	11321	11321	11321
SAOUHSC_02523	1796	1796	1796
SAOUHSC_00586	785	785	785
SAOUHSC_02694	4191	4191	4191
SAOUHSC_01968	14793	14793	14793
SAOUHSC_02276	3580	3580	3580
SAOUHSC_03049	17391	17391	17391
SAOUHSC_02778	12378	12378	12378
SAOUHSC_01036	11358	11358	11358
SAOUHSC_02533	374	374	374
SAOUHSC_00297	5372	5372	5372
SAOUHSC_01062	11498	11498	11498
SAOUHSC_00218	55	55	55
SAOUHSC_00899	1221	1221	1221
SAOUHSC_00082	1426	1426	1426
SAOUHSC_02863	204	204	204
SAOUHSC_00326	385	385	385
SAOUHSC_02587	9994	9994	9994
SAOUHSC_00381	539	539	539
SAOUHSC_01805	794	514	794
SAOUHSC_00359	1950	1950	1950
SAOUHSC_00880	2253	2253	2253
SAOUHSC_02949	2463	2463	2463
SAOUHSC_02695	2204	2204	2204
SAOUHSC_01279	4502	4502	4502
SAOUHSC_00410	1548	1548	1548
SAOUHSC_00555	2178	2178	2178
SAOUHSC_02553	3033	3033	3033
SAOUHSC_01343	7899	7899	7899
SAOUHSC_02247	1105	1105	1105
SAOUHSC_02926	90853	90853	90853
purH	6580	6580	6580
SAOUHSC_02861	4946	4946	4946
SAOUHSC_00043	182	182	182
SAOUHSC_00392	512	512	512
SAOUHSC_02461	1140	1140	1140
SAOUHSC_01398	1302	1302	1302
SAOUHSC_01908	30222	30222	30222
SAOUHSC_02699	13631	13626	13631
SAOUHSC_01880	194	129	194
SAOUHSC_01781	23564	23564	23564
SAOUHSC_02546	6573	6573	6573
SAOUHSC_00742	50091	49608	50091
SAOUHSC_02729	169780	169780	169780
SAOUHSC_01706	1745	1745	1745
SAOUHSC_02700	4803	4803	4803
SAOUHSC_00181	8540	8540	8540
SAOUHSC_02093	3955	3955	3955
SAOUHSC_02304	10870	10870	10870
SAOUHSC_00621	1123	1123	1123
SAOUHSC_02532	764	764	764
SAOUHSC_01607	37	37	37
SAOUHSC_02775	1215	1215	1215
SAOUHSC_00062	125	125	125
SAOUHSC_02367	4968	4968	4968
SAOUHSC_02147	14415	14415	14415
SAOUHSC_01051	7278	7278	7278
SAOUHSC_00807	1998	1998	1998
SAOUHSC_00651	9592	9592	9592
SAOUHSC_02654	8000	8000	8000
SAOUHSC_00705	1499	1499	1499
SAOUHSC_02436	11858	11858	11858
SAOUHSC_02648	4488	4488	4488
SAOUHSC_01920	2818	2818	2818
SAOUHSC_02826	1663	1663	1663
SAOUHSC_00268	15629	15629	15629
SAOUHSC_00377	336	336	336
SAOUHSC_A02794	1611	1611	1611
SAOUHSC_00106	537	537	537
SAOUHSC_02612	10855	10855	10855
SAOUHSC_01900	264	264	264
SAOUHSC_02691	2558	2558	2558
SAOUHSC_02552	1353	1353	1353
SAOUHSC_01639	37	37	37
holA	1180	1180	1180
SAOUHSC_00830	3263	3263	3263
SAOUHSC_00454	7328	7328	7328
SAOUHSC_00267	419	419	419
SAOUHSC_00835	24526	24526	24526
SAOUHSC_00508	12810	12810	12810
SAOUHSC_00607	9381	9381	9381
SAOUHSC_01319	479	479	479
SAOUHSC_01478	1313	1313	1313
SAOUHSC_00605	5483	5483	5483
SAOUHSC_00987	2336	2336	2336
SAOUHSC_01709	17395	17395	17395
SAOUHSC_01728	5829	5829	5829
SAOUHSC_00989	4178	4178	4178
SAOUHSC_00086	5188	5188	5188
SAOUHSC_02460	13357	13357	13357
SAOUHSC_00440	7	7	7
SAOUHSC_01992	9178	9178	9178
SAOUHSC_02888	463	463	463
SAOUHSC_02741	3420	3420	3420
SAOUHSC_02843	4751	4751	4751
SAOUHSC_02783	783	783	783
SAOUHSC_00083	1444	1444	1444
SAOUHSC_00840	4516	4516	4516
SAOUHSC_01313	1333	1333	1333
SAOUHSC_02003	4260	4260	4260
SAOUHSC_02831	1918	1918	1918
SAOUHSC_00864	12865	12865	12865
SAOUHSC_00428	7617	7617	7617
SAOUHSC_02992	746	746	746
SAOUHSC_02403	68801	68801	68801
SAOUHSC_00888	9649	9649	9649
SAOUHSC_01708	10206	10206	10206
SAOUHSC_02686	2888	2888	2888
SAOUHSC_01340	4760	4760	4760
SAOUHSC_00698	9262	9262	9262
SAOUHSC_01975	21113	21113	21113
SAOUHSC_02924	461	461	461
SAOUHSC_00370	7539	7539	7539
SAOUHSC_01462	38482	38482	38482
SAOUHSC_00535	99741	99741	99741
SAOUHSC_02757	3514	3514	3514
SAOUHSC_02780	1690	1690	1690
SAOUHSC_01367	417	417	417
SAOUHSC_01941	94	94	94
SAOUHSC_00026	746	285	746
SAOUHSC_00683	1250	1250	1250
SAOUHSC_00687	4029	4029	4029
SAOUHSC_A01081	54	54	54
SAOUHSC_02520	6196	6196	6196
SAOUHSC_01400	2115	2115	2115
SAOUHSC_02374	3495	3495	3495
SAOUHSC_02625	8368	8368	8368
SAOUHSC_02547	7974	7974	7974
SAOUHSC_00304	5075	5075	5075
SAOUHSC_00378	434	434	434
SAOUHSC_00366	28634	28634	28634
SAOUHSC_02846	8320	8320	8320
SAOUHSC_00180	7252	7252	7252
SAOUHSC_02584	4648	4648	4648
SAOUHSC_00367	4938	4938	4938
SAOUHSC_02308	12707	12707	12707
SAOUHSC_02766	1191	1191	1191
SAOUHSC_02828	2355	2355	2355
SAOUHSC_02829	20206	20206	20206
SAOUHSC_02803	4973	4922	4973
SAOUHSC_02626	9277	9277	9277
SAOUHSC_00702	5077	5077	5077
SAOUHSC_01452	96	96	96
SAOUHSC_02640	376	376	376
SAOUHSC_02862	53113	53113	53113
SAOUHSC_00371	39662	39662	39662
SAOUHSC_01018	7383	7383	7383
SAOUHSC_01762	4857	4857	4857
SAOUHSC_02417	54704	54704	54704
SAOUHSC_01407	14805	14805	14805
SAOUHSC_02600	11339	11339	11339
SAOUHSC_01152	5033	5033	5033
SAOUHSC_02621	1015	1015	1015
SAOUHSC_00592	834	834	834
SAOUHSC_00010	405	405	405
SAOUHSC_01656	2811	2811	2811
SAOUHSC_00760	7459	7459	7459
SAOUHSC_00765	280	280	280
SAOUHSC_02669	5001	5001	5001
SAOUHSC_01991	621	621	621
SAOUHSC_02776	685	685	685
SAOUHSC_00179	8193	8193	8193
SAOUHSC_01479	2284	2284	2284
nusB	11163	11163	11163
ksgA	6436	6436	6436
SAOUHSC_00501	46288	46288	46288
SAOUHSC_01990	866	866	866
SAOUHSC_01947	1247	1247	1247
SAOUHSC_02891	1482	1482	1482
SAOUHSC_02961	8531	8531	8531
SAOUHSC_00821	4880	4880	4880
SAOUHSC_02424	2939	2939	2939
SAOUHSC_02713	648	648	648
SAOUHSC_02663	2243	2243	2243
SAOUHSC_00441	2190	2190	2190
SAOUHSC_02779	7964	7964	7964
SAOUHSC_02284	214	214	214
SAOUHSC_02698	16509	16501	16509
SAOUHSC_00358	77025	77025	77025
SAOUHSC_01096	3717	3717	3717
SAOUHSC_00868	496	496	496
SAOUHSC_00161	509	509	509
SAOUHSC_02615	2024	2024	2024
SAOUHSC_02687	3374	3374	3374
SAOUHSC_00582	717	717	717
SAOUHSC_00979	7796	7796	7796
nrdF	34090	34090	34090
SAOUHSC_02816	4915	4915	4915
SAOUHSC_02879	9496	9496	9496
SAOUHSC_00092	1088	1088	1088
SAOUHSC_02597	17758	17758	17758
SAOUHSC_00928	128	128	128
SAOUHSC_00567	5599	5599	5599
SAOUHSC_01609	18601	18598	18601
SAOUHSC_01597	14262	14262	14262
SAOUHSC_01818	313313	313313	313313
SAOUHSC_00027	2701	1066	2701
SAOUHSC_00602	555	555	555
SAOUHSC_02632	5020	5020	5020
spxA	96693	96693	96693
SAOUHSC_00381a	50	50	50
SAOUHSC_00402	899	899	899
SAOUHSC_02774	10072	10072	10072
SAOUHSC_00192	1584	1584	1584
SAOUHSC_02628	4089	4089	4089
SAOUHSC_00386	145	144	145
SAOUHSC_01998	16359	16359	16359
SAOUHSC_01712	6626	6626	6626
SAOUHSC_01823	1293	1293	1293
SAOUHSC_02522	1793	1793	1793
SAOUHSC_01606	19572	19572	19572
SAOUHSC_01928	309	309	309
SAOUHSC_01711	9188	9188	9188
SAOUHSC_02845	6152	6152	6152
SAOUHSC_00124	716	716	716
SAOUHSC_01380	1155	1155	1155
SAOUHSC_00247	2806	2806	2806
SAOUHSC_02662	296	296	296
SAOUHSC_01314	2321	2321	2321
SAOUHSC_00732	25129	25129	25129
SAOUHSC_02125	8378	8378	8378
SAOUHSC_02962	7488	7488	7488
SAOUHSC_01837	10721	10721	10721
SAOUHSC_02815	163068	163068	163068
SAOUHSC_00898	1865	1865	1865
SAOUHSC_00684	453	453	453
SAOUHSC_02445	9541	9541	9541
SAOUHSC_02647	84935	84935	84935
SAOUHSC_00213	431	431	431
SAOUHSC_01332	8960	8960	8960
SAOUHSC_01864	7959	7959	7959
SAOUHSC_02373	3624	3624	3624
SAOUHSC_01845	641421	641421	641421
SAOUHSC_00429	3237	3237	3237
SAOUHSC_02249	1081	1081	1081
SAOUHSC_00642	14638	14638	14638
SAOUHSC_00614	5069	5069	5069
SAOUHSC_00784	12670	12670	12670
SAOUHSC_02301	50572	50572	50572
SAOUHSC_02554	26205	26205	26205
SAOUHSC_01840	2648	2647	2648
trpD	464	464	464
SAOUHSC_01758	4041	4041	4041
SAOUHSC_02791	2053	2053	2053
SAOUHSC_02656	2573	2573	2573
SAOUHSC_02690	10564	10564	10564
SAOUHSC_00755	4601	4601	4601
SAOUHSC_00285	14990	14990	14990
SAOUHSC_01219	764	764	764
SAOUHSC_R0006	10724	285	10724
lspA	1089	1089	1089
SAOUHSC_02929	63777	63777	63777
SAOUHSC_00284	8047	8047	8047
SAOUHSC_00726	3574	3574	3574
SAOUHSC_00703	9497	9497	9497
SAOUHSC_02751	10593	10593	10593
SAOUHSC_00960	13414	13414	13414
SAOUHSC_00150	323	323	323
SAOUHSC_02742	5389	5389	5389
SAOUHSC_02149	4417	4417	4417
SAOUHSC_00107	2403	2403	2403
SAOUHSC_00615	9001	9001	9001
SAOUHSC_02594	7369	7369	7369
SAOUHSC_02636	4464	4464	4464
SAOUHSC_02655	1	1	1
SAOUHSC_01591	6454	6454	6454
SAOUHSC_00816	1580	1580	1580
SAOUHSC_02627	22733	22733	22733
SAOUHSC_02958	424	424	424
SAOUHSC_01405	3223	3223	3223
SAOUHSC_02818	977	977	977
SAOUHSC_01783	495	495	495
SAOUHSC_02146	5167	5167	5167
SAOUHSC_A02189	2529	2527	2529
SAOUHSC_00405	7215	7215	7215
aroB	4167	4167	4167
SAOUHSC_00093	6484	6484	6484
SAOUHSC_01228	28060	28060	28060
SAOUHSC_01224	9917	9917	9917
SAOUHSC_02830	11795	11795	11795
SAOUHSC_02740	5119	5119	5119
SAOUHSC_02653	2653	2653	2653
SAOUHSC_00672	5024	5024	5024
SAOUHSC_00094	5521	5521	5521
SAOUHSC_00056	14843	14843	14843
SAOUHSC_00482	6581	6581	6581
SAOUHSC_00345	2525	2525	2525
SAOUHSC_00404	1304	1304	1304
SAOUHSC_03030	20731	20731	20731
SAOUHSC_02307	5606	5606	5606
SAOUHSC_02590	37905	37905	37905
SAOUHSC_00332	3184	3184	3184
SAOUHSC_00185	3821	3821	3821
SAOUHSC_01386	586	586	586
SAOUHSC_01044	2724	2724	2724
SAOUHSC_02864	2373	2373	2373
SAOUHSC_02677	4797	4797	4797
SAOUHSC_00047	566	566	566
SAOUHSC_01698	3990	3990	3990
SAOUHSC_02728	845	845	845
SAOUHSC_00665	5680	5680	5680
SAOUHSC_01773	5348	5348	5348
SAOUHSC_00278	1026	999	1026
SAOUHSC_01103	42270	42270	42270
SAOUHSC_00754	3838	3838	3838
SAOUHSC_00186	2227	2227	2227
SAOUHSC_00382	2577	2577	2577
SAOUHSC_02420	2249	2249	2249
SAOUHSC_00316	426	426	426
SAOUHSC_00767	172625	172625	172625
SAOUHSC_00889	66912	66912	66912
SAOUHSC_00883	9319	9318	9319
SAOUHSC_02714	607	607	607
SAOUHSC_00773	573	573	573
SAOUHSC_02447	39615	39615	39615
SAOUHSC_02009	14545	14545	14545
SAOUHSC_02418	4056	4056	4056
SAOUHSC_01926	831	831	831
SAOUHSC_02351	45057	45057	45057
panB	14719	14719	14719
SAOUHSC_02936	1923	1923	1923
SAOUHSC_01081	8515	8515	8515
SAOUHSC_01719	18912	18912	18912
rnc	4814	4814	4814
SAOUHSC_02827	3702	3702	3702
SAOUHSC_00562	25638	25638	25638
SAOUHSC_02995	2790	2790	2790
SAOUHSC_02610	31692	31692	31692
SAOUHSC_00606	21181	21181	21181
SAOUHSC_01260	10841	10841	10841
SAOUHSC_02010	4547	4547	4547
SAOUHSC_01419	10836	10836	10836
SAOUHSC_00096	5052	5052	5052
SAOUHSC_00287	12488	12488	12488
SAOUHSC_02303	33422	33417	33422
SAOUHSC_02404	4437	4437	4437
SAOUHSC_02550	10542	10542	10542
SAOUHSC_01318	9560	9560	9560
SAOUHSC_02972	14010	14010	14010
SAOUHSC_01638	130	126	130
SAOUHSC_00939	13059	13059	13059
SAOUHSC_02750	3237	3237	3237
SAOUHSC_02402	30927	30927	30927
SAOUHSC_01459	2356	2356	2356
SAOUHSC_01747	22640	22640	22640
SAOUHSC_02649	16378	16378	16378
SAOUHSC_00863	2265	2265	2265
SAOUHSC_00616	14898	14898	14898
SAOUHSC_02444	33838	33838	33838
SAOUHSC_02545	9606	9606	9606
SAOUHSC_00881	4046	4046	4046
SAOUHSC_01066	17258	17258	17258
SAOUHSC_01721	18375	18375	18375
SAOUHSC_01439	3096	3096	3096
SAOUHSC_02383	22979	22979	22979
SAOUHSC_00547	7552	7552	7552
SAOUHSC_01138	31657	31657	31657
SAOUHSC_02148	4093	4093	4093
SAOUHSC_01593	4153	4153	4153
SAOUHSC_00452	18381	18381	18381
SAOUHSC_00596	462	462	462
SAOUHSC_02689	964	964	964
SAOUHSC_02916	7419	7419	7419
SAOUHSC_00733	826	826	826
SAOUHSC_01590	1346	1346	1346
hisZ	51	51	51
SAOUHSC_01929	87	87	87
SAOUHSC_01615	32365	32365	32365
SAOUHSC_00995	1065	1065	1065
SAOUHSC_00477	23485	23485	23485
SAOUHSC_02974	2912	2912	2912
SAOUHSC_00420	614	614	614
SAOUHSC_02718	1222	1222	1222
SAOUHSC_00532	171555	171555	171555
SAOUHSC_00603	18073	18073	18073
SAOUHSC_00168	222	222	222
SAOUHSC_00248	11785	11785	11785
SAOUHSC_00067	56146	56146	56146
mraY	19419	19419	19419
SAOUHSC_02676	8164	8164	8164
SAOUHSC_01495	324	324	324
SAOUHSC_00330	1688	1688	1688
argC	553	553	553
SAOUHSC_00759	5883	5883	5883
SAOUHSC_02715	191	191	191
SAOUHSC_02665	14476	14476	14476
SAOUHSC_01985	4806	4806	4806
SAOUHSC_01987	52965	52965	52965
SAOUHSC_02909	15920	15920	15920
SAOUHSC_02812	2688	2688	2688
SAOUHSC_00465	16544	16544	16544
SAOUHSC_03035	1726	1726	1726
SAOUHSC_00818	352	352	352
SAOUHSC_00463	3700	3700	3700
SAOUHSC_02563	4052	4052	4052
SAOUHSC_02281	253	253	253
SAOUHSC_02781	1055	1055	1055
SAOUHSC_00051	252	252	252
SAOUHSC_00664	8129	8129	8129
SAOUHSC_00480	16664	16664	16664
SAOUHSC_01468	1663	1663	1663
SAOUHSC_02090	7247	7247	7247
trmB	12487	12487	12487
SAOUHSC_00971	974	974	974
SAOUHSC_01951	344	344	344
SAOUHSC_01641	74	74	74
ureA	1510	1510	1510
SAOUHSC_00832	3564	3564	3564
SAOUHSC_01666	133171	133171	133171
SAOUHSC_01977	111081	111081	111081
SAOUHSC_02541	4355	4355	4355
SAOUHSC_00169	265	265	265
SAOUHSC_01364	11200	11200	11200
SAOUHSC_02473	975	975	975
SAOUHSC_01360	8976	8976	8976
SAOUHSC_01115	1077	1077	1077
SAOUHSC_02930	2921	2921	2921
SAOUHSC_02853	133765	133765	133765
SAOUHSC_01026	8088	8088	8088
SAOUHSC_00668	9127	9127	9127
hisB	113	113	113
SAOUHSC_00298	3268	3268	3268
SAOUHSC_00531	8189	8189	8189
SAOUHSC_02644	5578	5578	5578
SAOUHSC_03019	1072	1072	1072
SAOUHSC_00699	13710	13710	13710
SAOUHSC_00391	245	245	245
SAOUHSC_01665	5551	5551	5551
SAOUHSC_01824	2899	2899	2899
SAOUHSC_00374	41030	41030	41030
SAOUHSC_00037	8870	8870	8870
SAOUHSC_01312	263	263	263
SAOUHSC_00200	2368	2368	2368
SAOUHSC_00064	865	865	865
SAOUHSC_00430	4976	4976	4976
SAOUHSC_00334	8204	8204	8204
SAOUHSC_00315	520	520	520
SAOUHSC_02002	150	150	150
SAOUHSC_02463	1577	1577	1577
SAOUHSC_00833	12915	12915	12915
SAOUHSC_00764	7856	7856	7856
SAOUHSC_02110	4000	4000	4000
SAOUHSC_02474	4688	4688	4688
SAOUHSC_01470	5883	5883	5883
rnpA	615	615	615
SAOUHSC_02133	13474	13474	13474
SAOUHSC_01061	13720	13720	13720
murG	21658	21658	21658
SAOUHSC_02322	1423	1423	1423
SAOUHSC_00836	202155	202155	202155
SAOUHSC_00933	26702	26702	26702
SAOUHSC_00613	7100	7100	7100
SAOUHSC_02092	58090	58090	58090
SAOUHSC_02623	19138	19138	19138
SAOUHSC_01974	65310	65310	65310
SAOUHSC_00663	17198	17198	17198
SAOUHSC_00055	591	559	591
SAOUHSC_00831	11776	11776	11776
SAOUHSC_02659	7224	7224	7224
SAOUHSC_02652	13004	13004	13004
rpsT	17527	17527	17527
SAOUHSC_02131	6835	6832	6835
SAOUHSC_02613	5697	5697	5697
SAOUHSC_02161	1333	1333	1333
SAOUHSC_00950	2138	2138	2138
cmk	10465	10465	10465
SAOUHSC_02935	4295	4295	4295
SAOUHSC_01819	48063	48063	48063
SAOUHSC_00406	18162	18162	18162
SAOUHSC_01832	1596	1596	1596
SAOUHSC_01282	18088	18088	18088
SAOUHSC_01643	607	607	607
SAOUHSC_01206	2490	2490	2490
SAOUHSC_00891	57249	57249	57249
SAOUHSC_02401	96280	96280	96280
SAOUHSC_02685	92	92	92
SAOUHSC_02833	412	412	412
SAOUHSC_00296	2569	2569	2569
SAOUHSC_02897	1016	1016	1016
SAOUHSC_01174	9673	9673	9673
SAOUHSC_01649	13389	13389	13389
SAOUHSC_01981	5765	5765	5765
SAOUHSC_01964	40772	40772	40772
SAOUHSC_00787	12934	12934	12934
SAOUHSC_01048	1160	1160	1160
SAOUHSC_02793	30660	30660	30660
SAOUHSC_00156	17885	17885	17885
SAOUHSC_01661	2235	2235	2235
SAOUHSC_01019	1849	1849	1849
SAOUHSC_00407	6249	6249	6249
SAOUHSC_00648	35026	35026	35026
SAOUHSC_02747	5901	5901	5901
SAOUHSC_00305	1764	1764	1764
SAOUHSC_01831	6228	6228	6228
SAOUHSC_02867	2680	2680	2680
SAOUHSC_02531	650	650	650
SAOUHSC_02797	731	731	731
miaA	5680	5680	5680
SAOUHSC_00499	201814	201814	201814
SAOUHSC_01040	514229	514229	514229
SAOUHSC_02443	129443	129443	129443
SAOUHSC_00820	5738	5738	5738
SAOUHSC_01914	6581	6581	6581
SAOUHSC_02711	160	160	160
SAOUHSC_01358	28589	28589	28589
SAOUHSC_02135	5135	5135	5135
SAOUHSC_02994	6958	6958	6958
SAOUHSC_00584	10124	10124	10124
SAOUHSC_02096	29404	29404	29404
SAOUHSC_01326	8094	8094	8094
panC	15021	15021	15021
SAOUHSC_00629	620	620	620
SAOUHSC_00932	404	404	404
SAOUHSC_00426	510	510	510
SAOUHSC_02963	16357	16049	16357
rbfA	10114	10114	10114
SAOUHSC_01086	685	675	685
SAOUHSC_01379	973	973	973
SAOUHSC_01108	6276	6276	6276
engB	2749	2749	2749
SAOUHSC_00103	207	207	207
SAOUHSC_00644	13674	13674	13674
SAOUHSC_02996	817	817	817
SAOUHSC_02150	60404	60404	60404
SAOUHSC_00424	139	139	139
SAOUHSC_02902	605	605	605
SAOUHSC_01225	10458	10458	10458
SAOUHSC_00875	71494	71494	71494
SAOUHSC_02987	1672	1672	1672
SAOUHSC_01978	3726	3726	3726
SAOUHSC_02103	3336	3336	3336
SAOUHSC_02871	10184	10184	10184
SAOUHSC_00919	15060	15060	15060
SAOUHSC_02091	31962	31962	31962
SAOUHSC_02970	115	115	115
SAOUHSC_01455	52427	52427	52427
SAOUHSC_00138	168	168	168
SAOUHSC_01911	684	526	684
SAOUHSC_02825	423	423	423
SAOUHSC_00237	1164	1164	1164
SAOUHSC_01371	403	403	403
SAOUHSC_02993	634	634	634
SAOUHSC_00475	4878	4878	4878
SAOUHSC_00638	7845	7845	7845
SAOUHSC_02980	13897	13897	13897
SAOUHSC_02661	1609	1609	1609
SAOUHSC_03012	193	193	193
SAOUHSC_00944	9638	9638	9638
SAOUHSC_02908	5903	5903	5903
SAOUHSC_03020	140	140	140
SAOUHSC_02915	3552	3552	3552
rpsQ	17646	17646	17646
SAOUHSC_00242	3901	3901	3901
SAOUHSC_03013	204	204	204
SAOUHSC_02370	16173	16173	16173
SAOUHSC_00565	8768	8768	8768
SAOUHSC_R00011	3	3	3
SAOUHSC_02675	4742	4742	4742
SAOUHSC_02551	3343	3343	3343
SAOUHSC_00904	29053	29053	29053
SAOUHSC_01966	16842	16842	16842
SAOUHSC_02834	8307	8307	8307
SAOUHSC_00617	31061	31061	31061
SAOUHSC_00342	4550	4550	4550
SAOUHSC_00564	8726	8726	8726
SAOUHSC_01384	725	725	725
SAOUHSC_00963	23209	23209	23209
SAOUHSC_02595	1233	1233	1233
SAOUHSC_00766	217	217	217
SAOUHSC_01283	5291	5291	5291
SAOUHSC_02143	26174	26174	26174
SAOUHSC_00893	14538	14538	14538
SAOUHSC_00708	17855	17855	17855
SAOUHSC_02921	4125	4125	4125
SAOUHSC_02697	22258	22258	22258
SAOUHSC_01882	23117	23117	23117
SAOUHSC_02375	27297	27297	27297
SAOUHSC_01433	38016	38016	38016
SAOUHSC_00716	4353	4353	4353
SAOUHSC_02428	6463	6463	6463
SAOUHSC_02997	649	649	649
SAOUHSC_00327	534	534	534
SAOUHSC_01594	35813	35813	35813
SAOUHSC_02901	521	521	521
SAOUHSC_00959	16048	16048	16048
SAOUHSC_02386	3511	3507	3511
SAOUHSC_02391	9133	9133	9133
SAOUHSC_00137	262	262	262
SAOUHSC_02881	17567	17567	17567
SAOUHSC_01782	15850	15850	15850
SAOUHSC_02158	48452	48452	48452
SAOUHSC_02596	815	815	815
SAOUHSC_01483	6333	6333	6333
SAOUHSC_00714	32629	32629	32629
SAOUHSC_00739	2447	2447	2447
SAOUHSC_01065	7199	7199	7199
SAOUHSC_00456	3272	3272	3272
SAOUHSC_00333	6099	6099	6099
SAOUHSC_02371	9350	9350	9350
SAOUHSC_00873	30099	30099	30099
SAOUHSC_01002	253058	253058	253058
SAOUHSC_01821	16237	16237	16237
moaC	9328	9328	9328
SAOUHSC_00500	118272	118272	118272
SAOUHSC_01039	21771	21771	21771
SAOUHSC_01677	41384	41384	41384
SAOUHSC_00776	8784	8784	8784
SAOUHSC_02427	3818	3818	3818
SAOUHSC_02300	23739	23739	23739
SAOUHSC_02111	3089	3089	3089
SAOUHSC_01746	58954	58954	58954
SAOUHSC_02693	261	261	261
SAOUHSC_00295	7630	7630	7630
SAOUHSC_00886	41749	41749	41749
SAOUHSC_01734	21097	21097	21097
SAOUHSC_00216	538	538	538
SAOUHSC_02969	183	183	183
SAOUHSC_00318	2847	2847	2847
SAOUHSC_01069	11353	11353	11353
SAOUHSC_00666	7882	7882	7882
rpsA	215938	215938	215938
SAOUHSC_01054	27814	27814	27814
SAOUHSC_01589	6565	6565	6565
SAOUHSC_01365	27927	27927	27927
SAOUHSC_02434	7896	7896	7896
gcvT	127262	127262	127262
sucC	495660	495660	495660
SAOUHSC_02101	1333	1333	1333
SAOUHSC_01127	117	117	117
SAOUHSC_02565	4761	4761	4761
SAOUHSC_00533	48521	48521	48521
SAOUHSC_02577	73427	73427	73427
rpsN_1	851	851	851
SAOUHSC_01463	54292	54292	54292
SAOUHSC_00696	12866	12866	12866
SAOUHSC_00731	17838	17838	17838
mobA	8109	8109	8109
SAOUHSC_02692	1983	1983	1983
SAOUHSC_02643	1716	1716	1716
SAOUHSC_A00354	28	28	28
SAOUHSC_03017	314	314	314
SAOUHSC_02859	28887	28887	28887
SAOUHSC_01797	64951	64951	64951
SAOUHSC_00481	4478	4478	4478
SAOUHSC_00113	1434	1434	1434
SAOUHSC_00338	1955	1955	1955
leuD	249	249	249
SAOUHSC_00771	8114	8114	8114
SAOUHSC_00643	10840	10840	10840
SAOUHSC_01375	3506	3506	3506
infA	16662	16662	16662
SAOUHSC_02557	373	373	373
SAOUHSC_A00992	973	961	973
SAOUHSC_02269	10114	10114	10114
SAOUHSC_01694	12764	12764	12764
SAOUHSC_00622	126	126	126
SAOUHSC_00587	1361	1361	1361
SAOUHSC_02876	5998	5998	5998
SAOUHSC_02260	4868	4868	4868
SAOUHSC_01629	13916	13916	13916
SAOUHSC_02788	2004	2002	2004
SAOUHSC_01480	10154	10154	10154
SAOUHSC_01836	28587	28587	28587
SAOUHSC_02985	9528	9528	9528
SAOUHSC_01825	2048	2048	2048
guaA	52595	52595	52595
SAOUHSC_02134	5259	5259	5259
SAOUHSC_00331	730	730	730
SAOUHSC_01660	8363	8363	8363
SAOUHSC_00489	5709	5709	5709
SAOUHSC_00812	66169	66147	66169
SAOUHSC_00538	11613	11613	11613
SAOUHSC_02006	14280	14280	14280
SAOUHSC_01633	218142	218142	218142
SAOUHSC_01608	1578	1575	1578
SAOUHSC_02433	3933	3933	3933
SAOUHSC_01630	26123	26123	26123
SAOUHSC_00690	53456	53456	53456
SAOUHSC_00013	841	841	841
SAOUHSC_01041	379694	379694	379694
SAOUHSC_00002	35795	35795	35795
SAOUHSC_00190	2146	2146	2146
SAOUHSC_02544	4873	4873	4873
SAOUHSC_00952	15117	15117	15117
SAOUHSC_01980	3791	3791	3791
SAOUHSC_00423	185	185	185
SAOUHSC_00142	367	367	367
SAOUHSC_00906	115196	115196	115196
SAOUHSC_00964	1824	1824	1824
SAOUHSC_02000	19207	19207	19207
SAOUHSC_01348	5707	5707	5707
SAOUHSC_00450	3997	3997	3997
SAOUHSC_01904	221	221	221
SAOUHSC_00884	4768	4768	4768
tmk	3638	3638	3638
SAOUHSC_00337	3405	3405	3405
SAOUHSC_02736	6735	6735	6735
SAOUHSC_00214	87	87	87
SAOUHSC_02382	2526	2526	2526
SAOUHSC_00552	12319	12319	12319
SAOUHSC_00763	6724	6724	6724
ureE	3366	3366	3366
SAOUHSC_01870	12989	12989	12989
SAOUHSC_01001	433295	433295	433295
SAOUHSC_02765	635	635	635
SAOUHSC_02877	18054	18054	18054
SAOUHSC_01267	18268	18268	18268
rpsH	22812	22812	22812
SAOUHSC_00686	20521	20521	20521
SAOUHSC_01653	348544	348544	348544
SAOUHSC_01160	5169	5169	5169
SAOUHSC_00572	4141	4141	4141
SAOUHSC_00219	1074	1074	1074
SAOUHSC_01982	13934	13934	13934
gltD	1403	1403	1403
SAOUHSC_00029	3	3	3
SAOUHSC_01122	2	2	2
SAOUHSC_01833	2366	2366	2366
SAOUHSC_01490	440082	440082	440082
SAOUHSC_02941	506	506	506
coaD	8457	8457	8457
SAOUHSC_01125	118	118	118
SAOUHSC_00344	4375	4375	4375
SAOUHSC_01007	88544	88544	88544
SAOUHSC_02426	2048	2048	2048
SAOUHSC_01752	5988	5988	5988
SAOUHSC_01043	603538	603538	603538
SAOUHSC_00679	18040	18040	18040
SAOUHSC_00720	1712	1712	1712
SAOUHSC_01027	15907	15907	15907
SAOUHSC_00670	40097	40097	40097
SAOUHSC_01792	21565	21565	21565
SAOUHSC_00170	533	533	533
SAOUHSC_00817	275	275	275
acpS	6004	6004	6004
SAOUHSC_02376	39080	39080	39080
SAOUHSC_00758	4317	4317	4317
SAOUHSC_00167	748	748	748
SAOUHSC_00779	13494	13494	13494
hslU	39287	39287	39287
SAOUHSC_01042	559911	559911	559911
SAOUHSC_00756	14811	14811	14811
SAOUHSC_00281	275	275	275
SAOUHSC_00571	2446	2446	2446
SAOUHSC_02372	13917	13917	13917
SAOUHSC_02822	103170	103170	103170
SAOUHSC_01144	45939	45937	45939
murD	39189	39189	39189
SAOUHSC_00369	41569	41569	41569
nadE	12596	12596	12596
SAOUHSC_00317	18323	18323	18323
SAOUHSC_01924	46	46	46
SAOUHSC_01156	11005	11005	11005
SAOUHSC_02967	577	577	577
SAOUHSC_00652	16064	16064	16064
SAOUHSC_01053	1980	1980	1980
SAOUHSC_02716	35	35	35
SAOUHSC_02880	15320	15320	15320
SAOUHSC_02126	35786	35786	35786
SAOUHSC_01602	5255	5255	5255
SAOUHSC_02305	20306	20306	20306
SAOUHSC_02287	537	537	537
secY_1	105865	105865	105865
SAOUHSC_02406	16996	16996	16996
SAOUHSC_00542	16665	16665	16665
SAOUHSC_00444	41702	41702	41702
SAOUHSC_00604	41332	41332	41332
SAOUHSC_02137	33199	33199	33199
SAOUHSC_02321	1219	1219	1219
SAOUHSC_02823	3983	3983	3983
SAOUHSC_02407	21982	21982	21982
SAOUHSC_01787	10983	10983	10983
SAOUHSC_01255	9544	9544	9544
SAOUHSC_01000	142366	142366	142366
SAOUHSC_01871	16594	16594	16594
SAOUHSC_01903	376	376	376
rocD	306284	306284	306284
SAOUHSC_02516	14353	14353	14353
SAOUHSC_00911	813	813	813
SAOUHSC_00645	6082	6082	6082
SAOUHSC_01064	33082	33082	33082
SAOUHSC_01732	14404	14404	14404
SAOUHSC_00895	495726	495726	495726
SAOUHSC_02913	2088	2088	2088
SAOUHSC_01076	4598	4598	4598
SAOUHSC_02334	1124	1124	1124
SAOUHSC_01693	968	968	968
SAOUHSC_01139	1684	1684	1684
SAOUHSC_00184	2486	2486	2486
SAOUHSC_00942	25898	25898	25898
SAOUHSC_01989	8654	8654	8654
SAOUHSC_01034	4042	4042	4042
SAOUHSC_01720	26363	26363	26363
SAOUHSC_00217	697	697	697
SAOUHSC_00892	8252	8252	8252
SAOUHSC_02581	17699	17699	17699
SAOUHSC_00431	3461	3461	3461
SAOUHSC_02875	6721	6721	6721
SAOUHSC_02947	11525	11525	11525
recA	64042	64042	64042
SAOUHSC_00306	4182	4182	4182
SAOUHSC_00969	117	117	117
SAOUHSC_00581	3523	3523	3523
SAOUHSC_00951	78637	78637	78637
SAOUHSC_01488	7465	7434	7465
SAOUHSC_01420	8626	8626	8626
SAOUHSC_01874	5755	5755	5755
SAOUHSC_00909	15571	15571	15571
SAOUHSC_02591	4051	4051	4051
SAOUHSC_01827	98494	98494	98494
SAOUHSC_02927	363242	363242	363242
rpmJ	11467	11467	11467
SAOUHSC_02366	250639	250639	250639
SAOUHSC_T00034	563	563	563
SAOUHSC_01718	2147	2147	2147
SAOUHSC_01872	10477	10477	10477
SAOUHSC_00455	7487	7487	7487
glmU	93265	93265	93265
SAOUHSC_02982	41856	41856	41856
SAOUHSC_01382	237	237	237
SAOUHSC_01820	63870	63870	63870
SAOUHSC_02299	36656	36610	36656
SAOUHSC_01218	491543	491543	491543
SAOUHSC_02442	47211	47211	47211
SAOUHSC_01350	9442	9442	9442
SAOUHSC_01158	31596	31596	31596
SAOUHSC_00999	71703	71703	71703
SAOUHSC_02760	12630	12630	12630
SAOUHSC_00033	744	744	744
SAOUHSC_00573	55977	55977	55977
SAOUHSC_02983	10384	10384	10384
dnaA	31593	31593	31593
SAOUHSC_01204	34313	34313	34313
SAOUHSC_02112	2659	2659	2659
uhpT	3288	3288	3288
SAOUHSC_00502	14190	14190	14190
SAOUHSC_02844	42280	42280	42280
SAOUHSC_01949	1866	1866	1866
SAOUHSC_01625	58128	58128	58128
SAOUHSC_01807	56352	56352	56352
SAOUHSC_00009	49310	49310	49310
SAOUHSC_02527	26181	26181	26181
SAOUHSC_01441	3338	3304	3338
SAOUHSC_02922	32640	32640	32640
rplE	33380	33380	33380
SAOUHSC_01501	121779	121779	121779
SAOUHSC_00554	81316	81316	81316
SAOUHSC_01189	10323	10323	10323
SAOUHSC_00553	71548	71548	71548
SAOUHSC_01988	2967	2967	2967
SAOUHSC_00781	22506	22506	22506
SAOUHSC_01596	3927	3927	3927
SAOUHSC_01254	9997	9997	9997
SAOUHSC_01188	10569	10569	10569
rimM	1847	1847	1847
SAOUHSC_00457	1355	1355	1355
SAOUHSC_02712	567	567	567
SAOUHSC_00472	82598	82598	82598
SAOUHSC_02785	956	956	956
SAOUHSC_02535	733	727	733
SAOUHSC_01251	64364	64364	64364
SAOUHSC_00653	4632	4632	4632
SAOUHSC_01907	19961	19961	19961
SAOUHSC_01860	10010	10010	10010
SAOUHSC_02789	1575	1575	1575
SAOUHSC_02538	2625	2625	2625
SAOUHSC_01869	25652	25652	25652
SAOUHSC_01190	9430	9430	9430
SAOUHSC_02262	5330	5330	5330
SAOUHSC_01605	105352	105352	105352
SAOUHSC_00543	10468	10468	10468
SAOUHSC_01165	3883	3883	3883
SAOUHSC_01338	15536	15536	15536
SAOUHSC_01114	1892	1892	1892
SAOUHSC_00887	11094	11094	11094
SAOUHSC_01333	10320	10320	10320
SAOUHSC_02457	5457	5457	5457
SAOUHSC_00365	106476	106476	106476
SAOUHSC_00715	30643	30640	30643
SAOUHSC_01595	1275	1275	1275
SAOUHSC_01362	13247	13247	13247
SAOUHSC_02456	5463	5463	5463
SAOUHSC_02468	2205	2205	2205
SAOUHSC_02984	10496	10496	10496
SAOUHSC_00713	19868	19868	19868
SAOUHSC_02289	626	626	626
SAOUHSC_01741	9911	9911	9911
SAOUHSC_00488	72870	72870	72870
SAOUHSC_00877	8914	8914	8914
SAOUHSC_00935	31426	31426	31426
SAOUHSC_01427	20443	20443	20443
SAOUHSC_02896	476	476	476
SAOUHSC_00910	25613	25613	25613
SAOUHSC_01850	50713	50713	50713
SAOUHSC_01775	3989	3989	3989
SAOUHSC_00147	659	659	659
SAOUHSC_01955	101	101	101
SAOUHSC_00102	344	344	344
SAOUHSC_00661	2234	2234	2234
SAOUHSC_02727	10610	10610	10610
SAOUHSC_01817	1987	1987	1987
SAOUHSC_01259	9188	9188	9188
SAOUHSC_00757	36210	36210	36210
SAOUHSC_00724	2035	2035	2035
SAOUHSC_02704	2305	2305	2305
SAOUHSC_01828	5922	5922	5922
SAOUHSC_02964	1537	1537	1537
SAOUHSC_01890	5096	5096	5096
SAOUHSC_02723	12784	12784	12784
SAOUHSC_02579	14913	14913	14913
SAOUHSC_02142	16556	16556	16556
rplN	28030	28030	28030
SAOUHSC_02400	92596	92596	92596
SAOUHSC_02410	1934	0	1934
SAOUHSC_01233	2210	2210	2210
SAOUHSC_00640	9701	9701	9701
fumC	118180	118180	118180
SAOUHSC_00641	22788	22788	22788
SAOUHSC_T00040	731	731	731
SAOUHSC_00819	15381	15381	15381
SAOUHSC_T00044	578	0	578
SAOUHSC_02095	34503	34503	34503
SAOUHSC_01341	2468	2468	2468
SAOUHSC_01895	27182	27182	27182
SAOUHSC_02679	133	133	133
SAOUHSC_02387	10436	10436	10436
SAOUHSC_00319	4182	4182	4182
SAOUHSC_01128	1302	1302	1302
rplV	22887	22887	22887
cysS	15134	15134	15134
SAOUHSC_00301	5102	5102	5102
SAOUHSC_02441	379617	379617	379617
SAOUHSC_00461	72805	72805	72805
SAOUHSC_01632	253443	253443	253443
SAOUHSC_01257	6883	6883	6883
SAOUHSC_02998	222	222	222
SAOUHSC_00681	11113	11113	11113
SAOUHSC_00908	35037	35037	35037
SAOUHSC_00730	10678	10678	10678
SAOUHSC_01876	4059	4059	4059
SAOUHSC_01450	237	237	237
SAOUHSC_02152	8987	8987	8987
SAOUHSC_00085	1948	1948	1948
SAOUHSC_02907	834	834	834
SAOUHSC_02943	1052	1052	1052
trmE	5693	5693	5693
SAOUHSC_02296	7866	7866	7866
SAOUHSC_00028	8	8	8
SAOUHSC_T00042	1507	0	1507
SAOUHSC_01423	14463	14463	14463
SAOUHSC_02869	978692	978692	978692
ruvA	9411	9411	9411
rplR	25178	25178	25178
secG	12009	12009	12009
SAOUHSC_00782	10944	10944	10944
SAOUHSC_01025	32518	32518	32518
SAOUHSC_01377	2456	2456	2456
SAOUHSC_01916	11637	11637	11637
SAOUHSC_01939	130	130	130
SAOUHSC_00139	641	641	641
SAOUHSC_02121	20865	20865	20865
SAOUHSC_01868	72531	72531	72531
SAOUHSC_03027	614	614	614
SAOUHSC_00414	20104	20104	20104
SAOUHSC_02136	3086	3086	3086
SAOUHSC_01692	7566	7566	7566
gidB	4178	4178	4178
SAOUHSC_01142	71166	71166	71166
SAOUHSC_01091	7181	7181	7181
SAOUHSC_02920	5940	5940	5940
SAOUHSC_00434	1278	1278	1278
SAOUHSC_02422	9681	9681	9681
SAOUHSC_01192	14742	14742	14742
SAOUHSC_T00041	1739	1739	1739
SAOUHSC_01060	4752	4752	4752
SAOUHSC_00632	4485	4485	4485
SAOUHSC_00483	42042	42042	42042
SAOUHSC_01089	485	485	485
SAOUHSC_01610	17642	17642	17642
SAOUHSC_00536	44316	44316	44316
SAOUHSC_01316	1097	1097	1097
SAOUHSC_01178	15248	15248	15248
SAOUHSC_01346	46767	46767	46767
SAOUHSC_01095	7742	7742	7742
SAOUHSC_00171	2352	2352	2352
SAOUHSC_01803	83775	83775	83775
SAOUHSC_00865	30209	30209	30209
SAOUHSC_00608	1742	1742	1742
SAOUHSC_00980	18324	18324	18324
SAOUHSC_00372	616	616	616
SAOUHSC_01891	612	612	612
SAOUHSC_01434	31642	31642	31642
SAOUHSC_01055	21697	21697	21697
SAOUHSC_00712	13750	13750	13750
SAOUHSC_02611	26644	26644	26644
SAOUHSC_01497	11518	11518	11518
SAOUHSC_01815	50730	50730	50730
SAOUHSC_01599	85090	85090	85090
SAOUHSC_02274	11187	11187	11187
SAOUHSC_02467	1030	1030	1030
SAOUHSC_00031	1032	1025	1032
SAOUHSC_02542	9953	9953	9953
SAOUHSC_01852	11588	11588	11588
SAOUHSC_02525	32028	32028	32028
SAOUHSC_00020	20326	20326	20326
SAOUHSC_03052	12411	12411	12411
SAOUHSC_00866	33755	33755	33755
SAOUHSC_01194	15255	15255	15255
SAOUHSC_02097	59374	59374	59374
SAOUHSC_00734	1484	1484	1484
nrdR	11017	11017	11017
rpsS	23658	23658	23658
SAOUHSC_01274	2263	2263	2263
SAOUHSC_00655	38754	38754	38754
SAOUHSC_02725	7361	7361	7361
SAOUHSC_02674	540	540	540
pgk	98434	98434	98434
SAOUHSC_01253	44295	44295	44295
SAOUHSC_00846	7651	7651	7651
rplX	22432	22432	22432
SAOUHSC_01281	2405	2405	2405
SAOUHSC_01028	79217	79217	79217
rpsC	49741	49741	49741
tgt	53678	53678	53678
SAOUHSC_00307	4888	4888	4888
SAOUHSC_00539	6335	6335	6335
SAOUHSC_02564	4724	4724	4724
SAOUHSC_02999	211	211	211
SAOUHSC_00958	21507	21507	21507
hisH	123	123	123
SAOUHSC_00785	30137	30137	30137
SAOUHSC_02355	46980	46980	46980
SAOUHSC_02369	22227	22227	22227
SAOUHSC_01352	34382	34382	34382
SAOUHSC_02297	30501	30501	30501
SAOUHSC_00721	1717	1717	1717
SAOUHSC_01727	12925	12925	12925
SAOUHSC_00879	31921	31921	31921
SAOUHSC_T00026	3517	3500	3517
SAOUHSC_00736	15882	15882	15882
rho	46833	46833	46833
SAOUHSC_00364	214659	214659	214659
rplP	35529	35529	35529
SAOUHSC_02346	87047	87047	87047
SAOUHSC_00346	20127	20127	20127
rplD	44655	44655	44655
SAOUHSC_T00045	1119	1	1119
SAOUHSC_00373	2192	2192	2192
SAOUHSC_00541	3989	3989	3989
SAOUHSC_00947	53385	53385	53385
SAOUHSC_00694	64917	64917	64917
SAOUHSC_02517	17546	17546	17546
SAOUHSC_01873	2640	2640	2640
SAOUHSC_00189	44	44	44
SAOUHSC_01079	500	500	500
SAOUHSC_00985	109280	109280	109280
SAOUHSC_02139	9889	9889	9889
cbiO_2	4759	4759	4759
SAOUHSC_T00024	887	0	887
SAOUHSC_02755	18065	18065	18065
SAOUHSC_02887	271652	271652	271652
SAOUHSC_01258	15515	15515	15515
SAOUHSC_02680	528	528	528
rpsN_2	13561	13561	13561
SAOUHSC_00490	3661	3660	3661
ppnK	40474	40474	40474
SAOUHSC_03009	203	203	203
SAOUHSC_00984	12175	12175	12175
SAOUHSC_01354	21518	21518	21518
SAOUHSC_00057	5958	5958	5958
SAOUHSC_02423	23114	23114	23114
SAOUHSC_00719	3789	3789	3789
SAOUHSC_01476	3100	3100	3100
sucA	631757	631757	631757
SAOUHSC_02582	128069	128069	128069
SAOUHSC_02536	18498	18498	18498
SAOUHSC_02770	197	197	197
SAOUHSC_00953	25683	25683	25683
SAOUHSC_02957	3985	3985	3985
SAOUHSC_T00015	975	975	975
SAOUHSC_00795	229803	229803	229803
deoD	117670	117670	117670
SAOUHSC_02140	73939	73939	73939
SAOUHSC_02004	8034	8034	8034
SAOUHSC_00907	3665	3665	3665
SAOUHSC_00427	31826	31826	31826
SAOUHSC_00861	72978	72978	72978
SAOUHSC_00970	198	198	198
SAOUHSC_00859	7426	7426	7426
SAOUHSC_00996	5349	5349	5349
ureB	2109	2109	2109
SAOUHSC_T00029	88	0	88
SAOUHSC_02114	12483	12483	12483
SAOUHSC_02683	235	235	235
SAOUHSC_00294	10423	10423	10423
SAOUHSC_02363	49550	49550	49550
SAOUHSC_01454	17747	17747	17747
rpsE	38705	38705	38705
SAOUHSC_01499	11089	11089	11089
SAOUHSC_01330	955	955	955
SAOUHSC_00575	75871	75871	75871
SAOUHSC_00600	872	871	872
nsaR	9561	9561	9561
SAOUHSC_00695	3082	3082	3082
SAOUHSC_00659	34456	34456	34456
fabZ	13915	13915	13915
SAOUHSC_00141	6581	6581	6581
frr	43156	43156	43156
rplF	31562	31562	31562
xseA	29374	29374	29374
SAOUHSC_01107	6883	6883	6883
SAOUHSC_01858	9543	9543	9543
SAOUHSC_01473	9603	9603	9603
SAOUHSC_01814	89374	89374	89374
SAOUHSC_00847	65432	65432	65432
SAOUHSC_00792	13376	13376	13376
SAOUHSC_01443	1725	1725	1725
SAOUHSC_01411	1584	1584	1584
SAOUHSC_00890	3978	3978	3978
SAOUHSC_00019	11106	11106	11106
SAOUHSC_01796	21502	21502	21502
SAOUHSC_00534	17535	17535	17535
SAOUHSC_01148	50042	50042	50042
SAOUHSC_01801	101148	101148	101148
SAOUHSC_02130	3186	3173	3186
SAOUHSC_01769	4623	4623	4623
SAOUHSC_01685	35099	35099	35099
SAOUHSC_00435	865	865	865
SAOUHSC_01448	430	430	430
rpsF	20601	20601	20601
SAOUHSC_01724	3205	3205	3205
SAOUHSC_00468	43663	43663	43663
rpmG_2	12445	12445	12445
recR	48578	48578	48578
SAOUHSC_01261	10840	10840	10840
SAOUHSC_00442	24493	24493	24493
pyrH	43855	43855	43855
SAOUHSC_01894	1080	1080	1080
SAOUHSC_01289	4	4	4
SAOUHSC_02796	14	14	14
SAOUHSC_00032	0	0	0
SAOUHSC_00212	0	0	0
SAOUHSC_00609	0	0	0
SAOUHSC_00745	0	0	0
SAOUHSC_01325	0	0	0
SAOUHSC_01494	0	0	0
SAOUHSC_01500	0	0	0
SAOUHSC_01514	0	0	0
SAOUHSC_01515	0	0	0
SAOUHSC_01516	0	0	0
SAOUHSC_01517	0	0	0
SAOUHSC_01518	0	0	0
SAOUHSC_01519	0	0	0
SAOUHSC_01520	0	0	0
SAOUHSC_01521	0	0	0
SAOUHSC_01522	0	0	0
SAOUHSC_01523	0	0	0
SAOUHSC_01524	0	0	0
SAOUHSC_01525	0	0	0
SAOUHSC_01526	0	0	0
SAOUHSC_01527	0	0	0
SAOUHSC_01528	0	0	0
SAOUHSC_01529	0	0	0
SAOUHSC_01530	0	0	0
SAOUHSC_01531	0	0	0
SAOUHSC_01532	0	0	0
SAOUHSC_01533	0	0	0
SAOUHSC_01535	0	0	0
SAOUHSC_01536	0	0	0
SAOUHSC_01537	0	0	0
SAOUHSC_01538	0	0	0
SAOUHSC_01539	0	0	0
SAOUHSC_01540	0	0	0
SAOUHSC_01541	0	0	0
SAOUHSC_01542	0	0	0
SAOUHSC_01543	0	0	0
SAOUHSC_01544	0	0	0
SAOUHSC_01545	0	0	0
SAOUHSC_01546	0	0	0
SAOUHSC_01547	0	0	0
SAOUHSC_01548	0	0	0
SAOUHSC_01549	0	0	0
SAOUHSC_01550	0	0	0
SAOUHSC_01551	0	0	0
SAOUHSC_01552	0	0	0
SAOUHSC_01553	0	0	0
SAOUHSC_01555	0	0	0
SAOUHSC_01556	0	0	0
SAOUHSC_01557	0	0	0
SAOUHSC_01558	0	0	0
SAOUHSC_01559	0	0	0
SAOUHSC_01560	0	0	0
SAOUHSC_01561	0	0	0
SAOUHSC_01562	0	0	0
SAOUHSC_01563	0	0	0
SAOUHSC_01565	0	0	0
SAOUHSC_01566	0	0	0
SAOUHSC_01567	0	0	0
SAOUHSC_01568	0	0	0
SAOUHSC_01569	0	0	0
SAOUHSC_01570	0	0	0
SAOUHSC_01571	0	0	0
SAOUHSC_01572	0	0	0
SAOUHSC_01573	0	0	0
SAOUHSC_01574	0	0	0
SAOUHSC_01575	0	0	0
SAOUHSC_01576	0	0	0
SAOUHSC_01577	0	0	0
SAOUHSC_01578	0	0	0
SAOUHSC_01579	0	0	0
SAOUHSC_01580	0	0	0
SAOUHSC_01582	0	0	0
SAOUHSC_01636	0	0	0
SAOUHSC_01851	0	0	0
SAOUHSC_02015	0	0	0
SAOUHSC_02016	0	0	0
SAOUHSC_02017	0	0	0
SAOUHSC_02018	0	0	0
SAOUHSC_02019	0	0	0
SAOUHSC_02020	0	0	0
SAOUHSC_02021	0	0	0
SAOUHSC_02022	0	0	0
SAOUHSC_02023	0	0	0
SAOUHSC_02025	0	0	0
SAOUHSC_02026	0	0	0
SAOUHSC_02027	0	0	0
SAOUHSC_02028	0	0	0
SAOUHSC_02029	0	0	0
SAOUHSC_02030	0	0	0
SAOUHSC_02031	0	0	0
SAOUHSC_02033	0	0	0
SAOUHSC_02034	0	0	0
SAOUHSC_02035	0	0	0
SAOUHSC_02036	0	0	0
SAOUHSC_02037	0	0	0
SAOUHSC_02038	0	0	0
SAOUHSC_02040	0	0	0
SAOUHSC_02041	0	0	0
SAOUHSC_02042	0	0	0
SAOUHSC_02043	0	0	0
SAOUHSC_02044	0	0	0
SAOUHSC_02046	0	0	0
SAOUHSC_02047	0	0	0
SAOUHSC_02048	0	0	0
SAOUHSC_02049	0	0	0
SAOUHSC_02050	0	0	0
SAOUHSC_02051	0	0	0
SAOUHSC_02052	0	0	0
SAOUHSC_02053	0	0	0
SAOUHSC_02054	0	0	0
SAOUHSC_02055	0	0	0
SAOUHSC_02056	0	0	0
SAOUHSC_02057	0	0	0
SAOUHSC_02058	0	0	0
SAOUHSC_02059	0	0	0
SAOUHSC_02060	0	0	0
SAOUHSC_02061	0	0	0
SAOUHSC_02062	0	0	0
SAOUHSC_02063	0	0	0
SAOUHSC_02064	0	0	0
SAOUHSC_02065	0	0	0
SAOUHSC_02066	0	0	0
SAOUHSC_02067	0	0	0
SAOUHSC_02068	0	0	0
SAOUHSC_02070	0	0	0
SAOUHSC_02071	0	0	0
SAOUHSC_02072	0	0	0
SAOUHSC_02073	0	0	0
SAOUHSC_02074	0	0	0
SAOUHSC_02075	0	0	0
SAOUHSC_02076	0	0	0
SAOUHSC_02077	0	0	0
SAOUHSC_02078	0	0	0
SAOUHSC_02079	0	0	0
SAOUHSC_02080	0	0	0
SAOUHSC_02081	0	0	0
SAOUHSC_02083	0	0	0
SAOUHSC_02084	0	0	0
SAOUHSC_02085	0	0	0
SAOUHSC_02086	0	0	0
SAOUHSC_02087	0	0	0
SAOUHSC_02088	0	0	0
SAOUHSC_02089	0	0	0
SAOUHSC_02164	0	0	0
SAOUHSC_02166	0	0	0
SAOUHSC_02167	0	0	0
SAOUHSC_02169	0	0	0
SAOUHSC_02170	0	0	0
SAOUHSC_02171	0	0	0
SAOUHSC_02173	0	0	0
SAOUHSC_02174	0	0	0
SAOUHSC_02177	0	0	0
SAOUHSC_02178	0	0	0
SAOUHSC_02179	0	0	0
SAOUHSC_02180	0	0	0
SAOUHSC_02181	0	0	0
SAOUHSC_02182	0	0	0
SAOUHSC_02183	0	0	0
SAOUHSC_02184	0	0	0
SAOUHSC_02185	0	0	0
SAOUHSC_02186	0	0	0
SAOUHSC_02187	0	0	0
SAOUHSC_02188	0	0	0
SAOUHSC_02189	0	0	0
SAOUHSC_02190	0	0	0
SAOUHSC_02191	0	0	0
SAOUHSC_02193	0	0	0
SAOUHSC_02194	0	0	0
SAOUHSC_02195	0	0	0
SAOUHSC_02196	0	0	0
SAOUHSC_02197	0	0	0
SAOUHSC_02198	0	0	0
SAOUHSC_02199	0	0	0
SAOUHSC_02200	0	0	0
SAOUHSC_02202	0	0	0
SAOUHSC_02203	0	0	0
SAOUHSC_02204	0	0	0
SAOUHSC_02205	0	0	0
SAOUHSC_02206	0	0	0
SAOUHSC_02207	0	0	0
SAOUHSC_02208	0	0	0
SAOUHSC_02209	0	0	0
SAOUHSC_02210	0	0	0
SAOUHSC_02211	0	0	0
SAOUHSC_02212	0	0	0
SAOUHSC_02213	0	0	0
SAOUHSC_02214	0	0	0
SAOUHSC_02215	0	0	0
SAOUHSC_02216	0	0	0
SAOUHSC_02217	0	0	0
SAOUHSC_02218	0	0	0
SAOUHSC_02219	0	0	0
SAOUHSC_02220	0	0	0
SAOUHSC_02221	0	0	0
SAOUHSC_02222	0	0	0
SAOUHSC_02223	0	0	0
SAOUHSC_02224	0	0	0
SAOUHSC_02225	0	0	0
SAOUHSC_02226	0	0	0
SAOUHSC_02227	0	0	0
SAOUHSC_02228	0	0	0
SAOUHSC_02229	0	0	0
SAOUHSC_02232	0	0	0
SAOUHSC_02233	0	0	0
SAOUHSC_02234	0	0	0
SAOUHSC_02235	0	0	0
SAOUHSC_02236	0	0	0
SAOUHSC_02237	0	0	0
SAOUHSC_02238	0	0	0
SAOUHSC_02239	0	0	0
SAOUHSC_02734	0	0	0
SAOUHSC_02934	0	0	0
SAOUHSC_A01514	0	0	0
SAOUHSC_01859	11369	11369	11369
SAOUHSC_02874	4557	4557	4557
rpmE2	31847	31847	31847
SAOUHSC_02013	65601	65601	65601
murB	14440	14440	14440
SAOUHSC_00014	17750	17750	17750
SAOUHSC_01145	71395	71395	71395
hemA	49864	49864	49864
hemE	12989	12989	12989
argJ	1073	1073	1073
SAOUHSC_01834	189	188	189
gltX	27683	27683	27683
SAOUHSC_00160	12807	12807	12807
SAOUHSC_01743	7406	7406	7406
adk	52520	52520	52520
SAOUHSC_02824	665	665	665
ubiE	18211	18211	18211
rpmB	132755	132755	132755
SAOUHSC_01472	23647	23647	23647
SAOUHSC_01047	673	673	673
SAOUHSC_02762	2204	2204	2204
SAOUHSC_00507	25184	25184	25184
SAOUHSC_00035	882	882	882
SAOUHSC_00054	404	366	404
SAOUHSC_01370	114	114	114
SAOUHSC_00654	6367	6367	6367
SAOUHSC_01078	20429	20429	20429
ileS	74587	74587	74587
SAOUHSC_02396	15410	15410	15410
SAOUHSC_02965	2737	2737	2737
ureC	8888	8888	8888
SAOUHSC_00058	6084	6084	6084
SAOUHSC_02592	2882	2882	2882
SAOUHSC_00172	831	831	831
SAOUHSC_00882	585	585	585
SAOUHSC_02138	7816	7816	7816
SAOUHSC_00071	12082	12082	12082
SAOUHSC_01347	207094	207094	207094
SAOUHSC_01938	182	156	182
SAOUHSC_00231	3551	3551	3551
SAOUHSC_02154	10690	10690	10690
SAOUHSC_01586	43278	43278	43278
SAOUHSC_02504	12179	12179	12179
SAOUHSC_00876	5748	5748	5748
clpX	109282	109282	109282
SAOUHSC_02942	1730	1730	1730
SAOUHSC_02753	10136	10136	10136
clpP	97559	97559	97559
ndk	63691	63691	63691
secE	6986	6986	6986
SAOUHSC_02904	236	236	236
SAOUHSC_00966	613	613	613
SAOUHSC_01600	16291	16291	16291
rpsO	43030	43030	43030
glyA	133334	133334	133334
SAOUHSC_00158	20551	20551	20551
SAOUHSC_02708	1189	1189	1189
obgE	22936	22936	22936
murC	39468	39468	39468
SAOUHSC_01993	1813	0	1813
SAOUHSC_01772	19855	19855	19855
SAOUHSC_00467	13587	13587	13587
SAOUHSC_01622	7799	7799	7799
SAOUHSC_00975	1918	1918	1918
SAOUHSC_00514	8113	8113	8113
SAOUHSC_00433	4129	4129	4129
SAOUHSC_00215	74	74	74
SAOUHSC_02379	77431	58429	77431
SAOUHSC_01481	9894	9894	9894
SAOUHSC_00512	5106	5106	5106
mraW	114006	114006	114006
lysS	58605	58605	58605
SAOUHSC_T0002	544	0	544
rplO	30261	30261	30261
SAOUHSC_01477	159722	159722	159722
SAOUHSC_01866	25797	25797	25797
SAOUHSC_01149	176690	176690	176690
SAOUHSC_00473	20798	20798	20798
rpsR	13364	13364	13364
SAOUHSC_00309	23464	23464	23464
SAOUHSC_02485	72327	72327	72327
SAOUHSC_00656	26085	26085	26085
SAOUHSC_01759	15087	15087	15087
rpmD	12361	12361	12361
SAOUHSC_00230	8364	8364	8364
SAOUHSC_01915	7749	7749	7749
recF	27019	27019	27019
rplB	74833	74833	74833
SAOUHSC_01705	284	284	284
SAOUHSC_00003	7782	7782	7782
SAOUHSC_00968	233	233	233
SAOUHSC_00751	5929	5929	5929
SAOUHSC_01106	10977	10977	10977
SAOUHSC_01391	31017	31017	31017
SAOUHSC_02604	42218	42218	42218
SAOUHSC_01855	122231	122231	122231
SAOUHSC_01392	32246	32246	32246
SAOUHSC_01592	8285	8285	8285
SAOUHSC_00090	310	310	310
sdhB	143959	143959	143959
SAOUHSC_00788	27011	27011	27011
SAOUHSC_T00039	1482	0	1482
SAOUHSC_01118	3021	2893	3021
SAOUHSC_00401	2253	2253	2253
SAOUHSC_02005	1880	1880	1880
SAOUHSC_00723	3272	3272	3272
hisG	53	53	53
SAOUHSC_01861	17406	17406	17406
SAOUHSC_01416	280379	280379	280379
SAOUHSC_01100	50855	50855	50855
cbiO_1	7604	7604	7604
SAOUHSC_00211	6273	6273	6273
SAOUHSC_01673	17431	17431	17431
SAOUHSC_00786	26291	21489	26291
SAOUHSC_02285	442	442	442
ddl	39408	39408	39408
SAOUHSC_00418	33	33	33
SAOUHSC_01378	1232	1232	1232
SAOUHSC_00930	141	141	141
SAOUHSC_00412	47845	47845	47845
hslO	7717	7717	7717
SAOUHSC_00408	6919	6919	6919
SAOUHSC_00390	150	150	150
SAOUHSC_00783	6916	6916	6916
SAOUHSC_02852	2919	2919	2919
SAOUHSC_03025	1688	1688	1688
SAOUHSC_01969	33726	33726	33726
SAOUHSC_02317	44557	44557	44557
SAOUHSC_00982	5947	5947	5947
SAOUHSC_01806	143947	143947	143947
SAOUHSC_T00038	1553	0	1553
SAOUHSC_02894	938	938	938
SAOUHSC_01223	17581	17581	17581
murQ	9970	9970	9970
SAOUHSC_00398	4415	4414	4415
SAOUHSC_01237	9179	9179	9179
SAOUHSC_02724	10894	10894	10894
SAOUHSC_02270	174	174	174
SAOUHSC_01619	5921	5921	5921
SAOUHSC_00308	4456	4456	4456
SAOUHSC_02860	143063	143063	143063
tpx	79205	79205	79205
SAOUHSC_02945	5202	5202	5202
SAOUHSC_02580	13401	13401	13401
sdhA	249728	249728	249728
SAOUHSC_01408	38903	38903	38903
SAOUHSC_00024	6184	6184	6184
SAOUHSC_02377	141247	141247	141247
SAOUHSC_02481	5921	5921	5921
SAOUHSC_02638	8656	8656	8656
SAOUHSC_02772	8706	8706	8706
SAOUHSC_00349	27424	27424	27424
SAOUHSC_T00023	1219	962	1219
SAOUHSC_02106	12531	12531	12531
SAOUHSC_01376	3624	3624	3624
trpA	590	590	590
SAOUHSC_01913	2338	2338	2338
SAOUHSC_02895	1462	1462	1462
SAOUHSC_01867	39564	39564	39564
SAOUHSC_01263	127592	127592	127592
eutD	97392	97392	97392
SAOUHSC_01032	762	762	762
SAOUHSC_02682	1069	1069	1069
SAOUHSC_00762	4194	4194	4194
SAOUHSC_01071	16151	16151	16151
greA	14939	14939	14939
SAOUHSC_01437	20417	20417	20417
SAOUHSC_01676	81551	81551	81551
SAOUHSC_02668	1078	1078	1078
SAOUHSC_T00043	1397	0	1397
SAOUHSC_02900	68400	68400	68400
SAOUHSC_01256	10395	10395	10395
rplW	15344	15344	15344
SAOUHSC_01973	30407	30407	30407
SAOUHSC_02684	847	847	847
alaS	53985	53985	53985
SAOUHSC_00459	3340	3340	3340
SAOUHSC_01401	14758	14758	14758
rpsM	36252	36252	36252
SAOUHSC_00798	173476	173476	173476
SAOUHSC_01687	12734	7853	12734
SAOUHSC_01323	18866	18866	18866
SAOUHSC_01505	10269	10269	10269
SAOUHSC_00647	41714	41714	41714
prfC	15456	15456	15456
SAOUHSC_00526	18808	18808	18808
SAOUHSC_01374	51269	51269	51269
SAOUHSC_02319	23524	23524	23524
SAOUHSC_T0004	5847	1224	5847
uvrA	43347	43347	43347
SAOUHSC_02898	1812	1812	1812
SAOUHSC_00660	18012	18012	18012
SAOUHSC_01771	41367	41367	41367
SAOUHSC_01901	38480	38480	38480
SAOUHSC_02667	28923	28923	28923
SAOUHSC_01893	1699	1699	1699
SAOUHSC_02298	94205	94120	94205
upp	48428	48428	48428
SAOUHSC_01675	70757	70757	70757
SAOUHSC_00858	10443	10443	10443
SAOUHSC_01222	27655	27655	27655
SAOUHSC_00848	105278	105278	105278
SAOUHSC_02385	12206	12204	12206
hisS	12488	12488	12488
SAOUHSC_00091	254	254	254
SAOUHSC_02469	20	20	20
SAOUHSC_01502	11032	11032	11032
SAOUHSC_02802	1923	1903	1923
SAOUHSC_00633	14882	14882	14882
SAOUHSC_01932	4532	4531	4532
SAOUHSC_02337	38019	38019	38019
SAOUHSC_00811	2268	2268	2268
SAOUHSC_02899	27480	27480	27480
SAOUHSC_00209	3704	3704	3704
hemH	12653	12653	12653
SAOUHSC_02261	16998	16998	16998
SAOUHSC_00339	758	758	758
SAOUHSC_00352	159	159	159
SAOUHSC_01447	12465	12465	12465
SAOUHSC_01813	13168	13168	13168
SAOUHSC_01486	31386	31386	31386
SAOUHSC_01351	28711	28711	28711
SAOUHSC_01811	33593	33593	33593
SAOUHSC_01284	7983	7983	7983
SAOUHSC_02764	745	745	745
SAOUHSC_00417	8958	8958	8958
SAOUHSC_00839	1610	1610	1610
SAOUHSC_01726	14226	14226	14226
SAOUHSC_T00047	510	510	510
SAOUHSC_02979	52238	52238	52238
SAOUHSC_01130	4322	4322	4322
rpsD	58369	58369	58369
SAOUHSC_00722	1343	1343	1343
SAOUHSC_01680	4393	4393	4393
SAOUHSC_00983	19085	19085	19085
SAOUHSC_00223	11421	11421	11421
SAOUHSC_01701	10845	10845	10845
SAOUHSC_00789	22801	22801	22801
SAOUHSC_T0001	517	0	517
SAOUHSC_01672	9662	9662	9662
SAOUHSC_00015	78386	78386	78386
acpP	91893	91893	91893
rplS	44717	44717	44717
SAOUHSC_00735	863	851	863
SAOUHSC_01935	277	250	277
SAOUHSC_00513	9336	9336	9336
asnC	120057	120057	120057
SAOUHSC_00981	454	454	454
SAOUHSC_00206	964	964	964
rplI	28291	28291	28291
SAOUHSC_00320	2302	2302	2302
SAOUHSC_01436	9842	9842	9842
SAOUHSC_02486	32023	32023	32023
SAOUHSC_02352	97946	97946	97946
SAOUHSC_02357	5635	5635	5635
SAOUHSC_01816	25758	25758	25758
SAOUHSC_02540	4633	4633	4633
SAOUHSC_01695	12242	12242	12242
SAOUHSC_02763	787	787	787
SAOUHSC_02268	17177	17177	17177
SAOUHSC_02671	639	639	639
SAOUHSC_01098	12209	12209	12209
SAOUHSC_00469	54686	54686	54686
pyrB	3486	3486	3486
SAOUHSC_00039	7506	7488	7506
SAOUHSC_01702	11693	11693	11693
SAOUHSC_02448	6789	6789	6789
SAOUHSC_01598	6413	6413	6413
SAOUHSC_01504	3278	3278	3278
SAOUHSC_00036	1861	1861	1861
SAOUHSC_01373	36935	36935	36935
argS	13388	13388	13388
gpsA	21245	21245	21245
SAOUHSC_00491	7813	7813	7813
SAOUHSC_00034	326	326	326
SAOUHSC_00021	39878	39878	39878
tpiA	93764	93764	93764
SAOUHSC_00504	33742	33742	33742
SAOUHSC_00109	35	35	35
rplQ	23284	23284	23284
rpsP	10597	10597	10597
SAOUHSC_00413	122031	122031	122031
SAOUHSC_01438	4838	4838	4838
SAOUHSC_01321	1821	1821	1821
SAOUHSC_T00051	2771	2416	2771
SAOUHSC_00710	26764	26764	26764
pyrE	2567	2567	2567
SAOUHSC_00510	6022	6022	6022
SAOUHSC_02257	11251	11251	11251
SAOUHSC_01936	216	216	216
SAOUHSC_01664	11950	11950	11950
SAOUHSC_01909	16626	16626	16626
rpmA	30718	30718	30718
SAOUHSC_02782	143	143	143
SAOUHSC_01614	34323	34323	34323
rplC	48933	48933	48933
SAOUHSC_00462	29464	29464	29464
SAOUHSC_01415	22352	22352	22352
SAOUHSC_01035	116675	116675	116675
SAOUHSC_00474	95867	95867	95867
SAOUHSC_01626	41708	41708	41708
SAOUHSC_01723	16048	16048	16048
SAOUHSC_01878	3967	3967	3967
SAOUHSC_T00059	183	0	183
SAOUHSC_00770	10	10	10
SAOUHSC_01715	12698	12698	12698
SAOUHSC_01266	37070	37070	37070
SAOUHSC_00485	10143	10143	10143
SAOUHSC_01074	4829	4829	4829
aspS	27908	27908	27908
ispD	26994	26994	26994
SAOUHSC_01933	9848	8992	9848
SAOUHSC_01912	4685	4685	4685
SAOUHSC_02282	435	435	435
SAOUHSC_00012	137	137	137
SAOUHSC_00946	14450	14450	14450
SAOUHSC_02849	50650	50650	50650
rpmG_1	14368	14368	14368
SAOUHSC_01320	1418	1418	1418
SAOUHSC_00945	10476	10476	10476
SAOUHSC_01944	136	136	136
SAOUHSC_01475	9784	9784	9784
SAOUHSC_03034	4138	4138	4138
SAOUHSC_01248	7516	7516	7516
SAOUHSC_01252	62223	62223	62223
SAOUHSC_01766	36617	36617	36617
SAOUHSC_01756	24505	24505	24505
SAOUHSC_01029	431667	431667	431667
valS	70486	70486	70486
truA	9209	9209	9209
SAOUHSC_02512a	30123	30123	30123
trmD	4029	4029	4029
SAOUHSC_01742	29398	29398	29398
SAOUHSC_01624	14366	14366	14366
SAOUHSC_00937	51846	51846	51846
SAOUHSC_01588	5962	5962	5962
SAOUHSC_00415	866	866	866
SAOUHSC_00905	44700	44700	44700
rplL	29419	29419	29419
leuS	62013	62013	62013
SAOUHSC_00018	46481	46481	46481
SAOUHSC_T00013	1100	0	1100
SAOUHSC_02102	28473	28473	28473
SAOUHSC_00123	1431	1431	1431
SAOUHSC_02906	1870	1870	1870
SAOUHSC_01265	8941	8941	8941
SAOUHSC_01662	28535	28535	28535
SAOUHSC_00234	6967	6967	6967
SAOUHSC_02267	11384	11384	11384
SAOUHSC_02155	5551	5551	5551
SAOUHSC_00917	780	780	780
SAOUHSC_01791	18183	18183	18183
SAOUHSC_02122	23260	23260	23260
SAOUHSC_01070	6134	6134	6134
SAOUHSC_02416	1	1	1
SAOUHSC_01812	15213	15213	15213
SAOUHSC_02978	41494	41494	41494
SAOUHSC_00860	21549	21549	21549
SAOUHSC_00802	9460	9460	9460
SAOUHSC_02356	2442	2442	2442
SAOUHSC_02244	15960	15960	15960
eno	560417	560417	560417
SAOUHSC_02850	12001	12001	12001
SAOUHSC_02784	958	958	958
SAOUHSC_00228	88063	88063	88063
SAOUHSC_02286	371	371	371
SAOUHSC_02280	1361	1361	1361
SAOUHSC_00558	2090	2089	2090
SAOUHSC_00530	1287907	1287907	1287907
nsaS	8218	8218	8218
SAOUHSC_01193	78102	78102	78102
glmM	45290	45290	45290
SAOUHSC_01699	10862	10862	10862
SAOUHSC_00598	426	426	426
SAOUHSC_00628	12066	12066	12066
SAOUHSC_02331	2497	2497	2497
SAOUHSC_01175	19474	19474	19474
SAOUHSC_01337	176617	176617	176617
SAOUHSC_01583	7373	7373	7373
SAOUHSC_01322	1395	1395	1395
SAOUHSC_01087	439	419	439
SAOUHSC_03021	104	104	104
SAOUHSC_00188	1980	1980	1980
SAOUHSC_02350	124783	124783	124783
SAOUHSC_01383	30052	30052	30052
SAOUHSC_00416	7240	7240	7240
rpsI	69919	69919	69919
secA	65634	65634	65634
SAOUHSC_01022	2961	2961	2961
SAOUHSC_00246	1850	1850	1850
SAOUHSC_01058	19971	19971	19971
SAOUHSC_01679	18424	18424	18424
SAOUHSC_00834	20075	20075	20075
SAOUHSC_03008	820	820	820
SAOUHSC_01045	1007	1007	1007
uvrC	9628	9628	9628
pgi	174989	174989	174989
SAOUHSC_01179	33993	33993	33993
SAOUHSC_01826	26	26	26
SAOUHSC_00627	2140	2140	2140
SAOUHSC_01021	8830	8830	8830
SAOUHSC_00208	195	195	195
SAOUHSC_02706	5497	5497	5497
SAOUHSC_01854	85396	85396	85396
SAOUHSC_00658	12813	12813	12813
SAOUHSC_00400	1852	1852	1852
SAOUHSC_00580	677	677	677
SAOUHSC_00191	553	553	553
SAOUHSC_02349	57095	57095	57095
SAOUHSC_01730	17418	17418	17418
SAOUHSC_01670	9229	9229	9229
SAOUHSC_T00058	1528	490	1528
SAOUHSC_01249	21087	21087	21087
SAOUHSC_02836	3330	3330	3330
SAOUHSC_02124	5490	5490	5490
SAOUHSC_01141	7476	7476	7476
SAOUHSC_00023	17912	17912	17912
rpmH	13621	13621	13621
SAOUHSC_01474	9243	9243	9243
SAOUHSC_00901	2896	2896	2896
SAOUHSC_01735	11375	11375	11375
SAOUHSC_02123	19915	19915	19915
SAOUHSC_02786	4171	4171	4171
mutL	11015	11015	11015
SAOUHSC_01960	20523	20523	20523
SAOUHSC_00486	155289	155289	155289
SAOUHSC_01739	15462	15462	15462
SAOUHSC_01287	343628	343628	343628
SAOUHSC_01205	17276	17276	17276
thrS	67463	67463	67463
SAOUHSC_01164	12412	12412	12412
SAOUHSC_T00032	1837	1790	1837
SAOUHSC_03031	3749	3749	3749
rpoZ	6761	6761	6761
SAOUHSC_T00014	1040	0	1040
SAOUHSC_00503	18913	18913	18913
tsf	173957	173957	173957
SAOUHSC_00624	5638	5638	5638
SAOUHSC_02710	970	970	970
SAOUHSC_01696	15740	15740	15740
SAOUHSC_00458	696	696	696
SAOUHSC_T00012	1159	0	1159
rplK	62185	62185	62185
SAOUHSC_02768	284	284	284
rplU	32604	32604	32604
SAOUHSC_00061	2922	2922	2922
SAOUHSC_01979	4275	4275	4275
rplA	79756	79756	79756
SAOUHSC_01077	49557	49557	49557
SAOUHSC_01802	47340	47340	47340
SAOUHSC_01585	23909	23909	23909
SAOUHSC_02754	6151	6151	6151
SAOUHSC_01469	8086	8086	8086
SAOUHSC_01129	1644	1644	1644
ruvB	17471	17471	17471
queA	15733	15733	15733
SAOUHSC_00517	29559	29559	29559
SAOUHSC_00626	2595	2595	2595
SAOUHSC_01185	14275	14275	14275
SAOUHSC_01186	8762	8762	8762
SAOUHSC_00397	9996	9021	9996
SAOUHSC_00854	13323	13323	13323
SAOUHSC_01686	2034	2034	2034
SAOUHSC_00528	87303	87303	87303
SAOUHSC_00101	45051	45051	45051
SAOUHSC_01163	9045	9045	9045
SAOUHSC_02107	25061	25061	25061
rplJ	61227	61227	61227
SAOUHSC_02933	6369	6369	6369
SAOUHSC_00100	15058	11412	15058
SAOUHSC_00187	6257	6257	6257
SAOUHSC_02646	1672	1672	1672
SAOUHSC_01451	108	108	108
SAOUHSC_01925	64	64	64
SAOUHSC_00878	166624	166624	166624
SAOUHSC_00005	52631	52631	52631
SAOUHSC_00226	44563	44563	44563
SAOUHSC_T00048	1701	88	1701
SAOUHSC_00559	483	483	483
SAOUHSC_01645	10476	10476	10476
rbgA	3944	3944	3944
SAOUHSC_01240	46555	46555	46555
SAOUHSC_01099	21993	21993	21993
SAOUHSC_01349	6027	6027	6027
SAOUHSC_00994	214757	214757	214757
SAOUHSC_00122	1866	1866	1866
SAOUHSC_01406	8008	8008	8008
SAOUHSC_T00053	1675	0	1675
SAOUHSC_01187	30084	30084	30084
infC	23272	23272	23272
SAOUHSC_01652	55886	55886	55886
SAOUHSC_00671	91550	91550	91550
SAOUHSC_03032	2918	2918	2918
SAOUHSC_01601	17742	17742	17742
SAOUHSC_00354	594	594	594
SAOUHSC_01667	12514	12514	12514
rpoB	258673	258673	258673
SAOUHSC_02160	207	207	207
coaE	19320	19320	19320
SAOUHSC_02848	10267	10267	10267
rplT	20723	20720	20723
rpsL	81249	81249	81249
SAOUHSC_01221	265	265	265
engA	29774	29774	29774
SAOUHSC_02885	49796	49796	49796
SAOUHSC_01663	15662	15662	15662
SAOUHSC_00525	248432	248432	248432
SAOUHSC_01050	18208	18208	18208
SAOUHSC_00437	7456	7456	7456
SAOUHSC_00610	2395	2395	2395
SAOUHSC_00523	6468	6468	6468
SAOUHSC_02294	57	57	57
SAOUHSC_00680	695	695	695
SAOUHSC_01150	236128	236128	236128
smpB	7902	7902	7902
SAOUHSC_01857	115125	115125	115125
SAOUHSC_00676	14826	14826	14826
SAOUHSC_01182	3836	3836	3836
SAOUHSC_02412	2248	1530	2248
SAOUHSC_01658	8628	8628	8628
SAOUHSC_00685	5110	5110	5110
rplM	51270	51270	51270
SAOUHSC_02343	169948	169948	169948
SAOUHSC_00667	6883	6883	6883
SAOUHSC_00484	9937	9937	9937
SAOUHSC_00914	51	51	51
SAOUHSC_00851	109218	109218	109218
SAOUHSC_01612	24402	24402	24402
SAOUHSC_00625	20879	20879	20879
SAOUHSC_01510	259	259	259
SAOUHSC_02425	113930	113930	113930
SAOUHSC_01381	672	672	672
SAOUHSC_00022	34526	34526	34526
SAOUHSC_00551	7447	7447	7447
SAOUHSC_02746	220	220	220
rnhB	3315	3315	3315
SAOUHSC_00691	10466	10466	10466
SAOUHSC_01644	21793	21793	21793
SAOUHSC_00227	69524	69524	69524
SAOUHSC_01425	8313	8313	8313
era	20712	20712	20712
SAOUHSC_01587	11252	11252	11252
SAOUHSC_01299	3	3	3
SAOUHSC_02266	13	13	13
hemC	10205	10205	10205
SAOUHSC_01239	18715	18715	18715
SAOUHSC_00549	17744	17744	17744
SAOUHSC_02347	94390	94390	94390
SAOUHSC_01688	36261	36261	36261
SAOUHSC_02324	4692	4692	4692
SAOUHSC_00560	329	329	329
SAOUHSC_00557	716	716	716
SAOUHSC_01238	10848	10848	10848
SAOUHSC_00693	8396	8396	8396
SAOUHSC_00976	741	741	741
SAOUHSC_01207	35358	35358	35358
SAOUHSC_01171	2849	2849	2849
SAOUHSC_00302	3231	3231	3231
SAOUHSC_01460	10268	10268	10268
SAOUHSC_01697	16017	16017	16017
atpC	91768	91768	91768
SAOUHSC_00439	1460	1460	1460
SAOUHSC_01910	203999	203999	203999
SAOUHSC_01153	20116	20116	20116
SAOUHSC_02327	23408	23408	23408
SAOUHSC_01623	35587	35587	35587
SAOUHSC_00954	11566	11566	11566
SAOUHSC_T00061	161	0	161
SAOUHSC_T00011	230	0	230
SAOUHSC_T00021	955	0	955
SAOUHSC_00438	2086	2086	2086
SAOUHSC_00152	18580	18580	18580
SAOUHSC_00794	63618	63618	63618
SAOUHSC_T00046	202	163	202
tig	183876	183876	183876
SAOUHSC_00675	28746	28746	28746
SAOUHSC_01611	31842	31842	31842
SAOUHSC_02241	517	517	517
SAOUHSC_01431	30731	30731	30731
SAOUHSC_02574	23164	23164	23164
SAOUHSC_00803	46051	46051	46051
SAOUHSC_00827	1223	1223	1223
SAOUHSC_01744	7501	7501	7501
SAOUHSC_02273	14969	14969	14969
SAOUHSC_01245	4010	4010	4010
SAOUHSC_00849	99430	99430	99430
SAOUHSC_T00054	1630	0	1630
SAOUHSC_00529	417057	417057	417057
SAOUHSC_00353	67	67	67
SAOUHSC_00006	84719	84719	84719
SAOUHSC_02341	312888	312888	312888
SAOUHSC_01659	11576	11576	11576
SAOUHSC_01288	81	81	81
gatA	68988	68988	68988
SAOUHSC_02345	286289	286289	286289
SAOUHSC_T0003	518	0	518
SAOUHSC_00692	5956	5956	5956
SAOUHSC_00323	5436	5338	5436
SAOUHSC_01646	29381	29381	29381
SAOUHSC_01764	86	86	86
SAOUHSC_01958	2197	2197	2197
SAOUHSC_00505	122237	122237	122237
SAOUHSC_02530	245	245	245
thyA	16014	16014	16014
SAOUHSC_00929	75	75	75
SAOUHSC_01306	8	8	8
SAOUHSC_01269	15459	15459	15459
SAOUHSC_00955	1718	1718	1718
SAOUHSC_01271	5026	5026	5026
SAOUHSC_01063	13868	13868	13868
SAOUHSC_02278	1467	1467	1467
SAOUHSC_00399	117	117	117
SAOUHSC_01700	22057	22057	22057
SAOUHSC_00153	77859	77859	77859
rpmI	11933	11933	11933
SAOUHSC_00550	13038	13038	13038
SAOUHSC_01877	6655	6655	6655
SAOUHSC_00855	15658	15658	15658
ipk	10034	10034	10034
SAOUHSC_T0006	19	19	19
SAOUHSC_01046	1986	1986	1986
SAOUHSC_02384	2265	2265	2265
SAOUHSC_T00022	752	0	752
rpsU	40892	40892	40892
SAOUHSC_00793	10004	10004	10004
SAOUHSC_02534	2761	2698	2761
SAOUHSC_01270	4631	4631	4631
SAOUHSC_01242	6722	6722	6722
polC	23555	23555	23555
SAOUHSC_01953	490	490	490
SAOUHSC_00896	8064	7840	8064
SAOUHSC_T00056	1713	1713	1713
SAOUHSC_01717	8773	8773	8773
SAOUHSC_00577	12020	12020	12020
SAOUHSC_01508	1814	1814	1814
gatC	18091	18091	18091
SAOUHSC_T00027	614	612	614
SAOUHSC_01184	12782	12782	12782
SAOUHSC_02873	17820	17820	17820
SAOUHSC_00569	29298	29298	29298
SAOUHSC_01412	4679	4679	4679
SAOUHSC_02681	451	451	451
SAOUHSC_02323	7711	7711	7711
SAOUHSC_01613	26653	26653	26653
SAOUHSC_01808	11243	11243	11243
SAOUHSC_00060	19640	19640	19640
SAOUHSC_01456	1040	1040	1040
SAOUHSC_01967	18771	18771	18771
SAOUHSC_02726	1968	1968	1968
SAOUHSC_00727	8563	8563	8563
SAOUHSC_02573	14489	14489	14489
groES	31811	31811	31811
SAOUHSC_T00055	1648	0	1648
SAOUHSC_T00025	688	0	688
SAOUHSC_00997	10553	10553	10553
pyrC	6412	6412	6412
pheT	38156	38156	38156
SAOUHSC_01432	55862	55862	55862
SAOUHSC_01031	1435	1435	1435
SAOUHSC_00578	18157	18157	18157
infB	39335	39335	39335
pyrG	27415	27415	27415
gatB	87114	87114	87114
SAOUHSC_02381	6358	6358	6358
SAOUHSC_00201	1784	1784	1784
SAOUHSC_00129	6736	6736	6736
pheS	13615	13615	13615
prfA	15095	15095	15095
SAOUHSC_00155	20389	20388	20389
SAOUHSC_01413	2488	2488	2488
SAOUHSC_02326	1545	1542	1545
SAOUHSC_01429	29560	29560	29560
SAOUHSC_T00033	2679	2679	2679
SAOUHSC_00850	40566	40566	40566
SAOUHSC_00822	1210	1210	1210
SAOUHSC_02752	3975	3975	3975
carB	16945	16945	16945
SAOUHSC_00729	8821	8821	8821
prmA	16490	16490	16490
SAOUHSC_02329	3692	3692	3692
SAOUHSC_01327	107525	107525	107525
SAOUHSC_00146	1492	1492	1492
SAOUHSC_01154	29405	29405	29405
SAOUHSC_01183	9163	9163	9163
SAOUHSC_00728	100436	100436	100436
SAOUHSC_02932	4117	4117	4117
SAOUHSC_02250	155	155	155
SAOUHSC_T00035	284	194	284
SAOUHSC_02113	3941	3941	3941
SAOUHSC_01584	4680	4349	4680
SAOUHSC_01049	4348	4348	4348
SAOUHSC_01770	466	466	466
SAOUHSC_02709	547	547	547
SAOUHSC_01361	15956	15956	15956
SAOUHSC_01430	49751	49751	49751
SAOUHSC_00717	4762	4762	4762
SAOUHSC_01618	25335	25335	25335
SAOUHSC_01761a	136	136	136
SAOUHSC_01843	2597	2597	2597
recU	24575	24575	24575
SAOUHSC_02769	176	176	176
SAOUHSC_00711	29070	29070	29070
SAOUHSC_00579	20029	20029	20029
SAOUHSC_00282	1607	1607	1607
SAOUHSC_02277	4671	4671	4671
SAOUHSC_01467	171330	171330	171330
nusA	17389	17389	17389
SAOUHSC_00688	24743	24743	24743
SAOUHSC_02358	10083	10083	10083
SAOUHSC_00902	5451	5451	5451
SAOUHSC_00099	5420	5420	5420
SAOUHSC_02360	8806	8806	8806
SAOUHSC_00903	7693	7693	7693
SAOUHSC_02108	5541	5541	5541
SAOUHSC_T00060	154	0	154
SAOUHSC_00897	17068	17068	17068
SAOUHSC_01272	11447	11447	11447
SAOUHSC_00341	183	183	183
SAOUHSC_01682	15586	15586	15586
SAOUHSC_00291	2061	2060	2061
SAOUHSC_01716	15896	15896	15896
gmk	20262	20262	20262
SAOUHSC_01809	11694	11694	11694
SAOUHSC_T00030	1423	1394	1423
SAOUHSC_00340	221	221	221
SAOUHSC_00912	45686	45686	45686
SAOUHSC_T00036	3955	3710	3955
SAOUHSC_01169	5511	5511	5511
SAOUHSC_02251	47	47	47
SAOUHSC_01307	553	553	553
SAOUHSC_01810	15965	15965	15965
SAOUHSC_01359	25077	25077	25077
SAOUHSC_00957	4968	4968	4968
SAOUHSC_00689	19114	19114	19114
SAOUHSC_00396	14	14	14
def	17089	17089	17089
SAOUHSC_01513	1859	1859	1859
SAOUHSC_02264	35808	35808	35808
SAOUHSC_00646	3264	3264	3264
SAOUHSC_T00037	636	442	636
SAOUHSC_T0005	146	146	146
SAOUHSC_02325	1340	1337	1340
SAOUHSC_02855	5511	5511	5511
SAOUHSC_01244	3273	3273	3273
SAOUHSC_02243	230	230	230
SAOUHSC_02175	2141	2141	2141
SAOUHSC_T00010	884	0	884
SAOUHSC_01684	66994	66994	66994
SAOUHSC_02364	10538	10538	10538
SAOUHSC_02571	27203	27203	27203
SAOUHSC_02968	205	205	205
SAOUHSC_01121	826	826	826
SAOUHSC_T00018	898	111	898
SAOUHSC_01512	1486	1486	1486
SAOUHSC_00236	7897	7897	7897
SAOUHSC_02330	3487	3487	3487
SAOUHSC_00128	5906	5906	5906
SAOUHSC_02316	26288	26288	26288
SAOUHSC_00336	86142	86142	86142
SAOUHSC_T00050	68	68	68
SAOUHSC_00293	1706	1706	1706
SAOUHSC_02892	1318	1318	1318
SAOUHSC_02265	30436	30436	30436
SAOUHSC_T0008	853	0	853
SAOUHSC_00121	1428	1428	1428
SAOUHSC_03006	44605	44605	44605
SAOUHSC_T00031	406	406	406
SAOUHSC_01275	62435	62435	62435
SAOUHSC_02893	1365	1365	1365
SAOUHSC_02394	3	3	3
SAOUHSC_T0009	889	0	889
SAOUHSC_02279	2812	2812	2812
SAOUHSC_01763	75	75	75
ribH	1762	1762	1762
dnaK	241801	241801	241801
SAOUHSC_00235	3326	3326	3326
SAOUHSC_02176	70	70	70
SAOUHSC_02365	24350	24350	24350
thiE	3018	3018	3018
SAOUHSC_02389	5180	5180	5180
SAOUHSC_00127	3657	3657	3657
SAOUHSC_02397	3004	3004	3004
SAOUHSC_02583	10486	10486	10486
SAOUHSC_02720	3	3	3
SAOUHSC_T00028	87	0	87
SAOUHSC_00126	2049	2049	2049
SAOUHSC_00120	3257	3257	3257
SAOUHSC_02672	475	475	475
SAOUHSC_01780	9	9	9
groEL	174451	174451	174451
SAOUHSC_03024	7175	7175	7175
SAOUHSC_00097	2436	2436	2436
SAOUHSC_00857	208	208	208
SAOUHSC_02721	1644	1644	1644
SAOUHSC_00125	3609	3609	3609
SAOUHSC_01285	42442	42442	42442
SAOUHSC_01511	1202	1108	1202
SAOUHSC_00119	3226	3226	3226
SAOUHSC_01298	1	1	1
SAOUHSC_00292	2209	2209	2209
SAOUHSC_02283	28	28	28
glpK	79212	79212	79212
SAOUHSC_00038	124	124	124
SAOUHSC_02012	6254	6254	6254
SAOUHSC_01200	4791	4791	4791
SAOUHSC_R00010	570	0	570
SAOUHSC_01135	1162	1162	1162
SAOUHSC_R00016	4	0	4
SAOUHSC_02399	408090	408090	408090
SAOUHSC_02411	77	77	77
SAOUHSC_02629	4584	4584	4584
SAOUHSC_01889	5043	5043	5043
SAOUHSC_00118	2551	2551	2551
SAOUHSC_02332	3227	3227	3227
SAOUHSC_02100	4416	4416	4416
SAOUHSC_R0009	581	0	581
SAOUHSC_03033	4822	4822	4822
SAOUHSC_01838	70234	70234	70234
SAOUHSC_02099	11304	11304	11304
SAOUHSC_01199	55295	55295	55295
SAOUHSC_02840	6191	6191	6191
SAOUHSC_02388	2093	2093	2093
SAOUHSC_01972	34329	34329	34329
SAOUHSC_02975	36568	36568	36568
SAOUHSC_02976	24717	24717	24717
SAOUHSC_R0003	19778	478	19778
SAOUHSC_00870	13582	13582	13582
SAOUHSC_00411	9	9	9
SAOUHSC_01976	7	7	7
SAOUHSC_02857	3	3	3
SAOUHSC_T00057	1	0	1
SAOUHSC_00116	2445	2445	2445
SAOUHSC_01196	18734	18734	18734
SAOUHSC_00921	73300	73300	73300
SAOUHSC_R0001	20574	493	20574
SAOUHSC_01198	53435	53435	53435
SAOUHSC_01887	3922	3922	3922
SAOUHSC_00998	5815	5815	5815
SAOUHSC_00240	2009	2009	2009
SAOUHSC_02635	9822	9822	9822
SAOUHSC_00111	14	14	14
SAOUHSC_R0005	44	0	44
SAOUHSC_02841	11432	11432	11432
SAOUHSC_01278	36755	36755	36755
SAOUHSC_00871	2866	2866	2866
SAOUHSC_00114	1572	1572	1572
SAOUHSC_00115	2079	2079	2079
SAOUHSC_R0007	23286	643	23286
SAOUHSC_02839	14092	14092	14092
SAOUHSC_00639	1822	1822	1822
SAOUHSC_00239	5303	5303	5303
SAOUHSC_02333	6790	6790	6790
SAOUHSC_02630	1855	1855	1855
SAOUHSC_00356	34451	34451	34451
SAOUHSC_01136	1298	1298	1298
SAOUHSC_01888	1767	1767	1767
SAOUHSC_00241	3160	3160	3160
SAOUHSC_R00013	5	0	5
SAOUHSC_00117	4340	4340	4340
SAOUHSC_02098	8042	8042	8042
SAOUHSC_01197	43800	43800	43800
SAOUHSC_01736	66	66	66
SAOUHSC_R0004	6618	151	6618
SAOUHSC_R0008	27369	787	27369
SAOUHSC_T00019	2	0	2
SAOUHSC_T00049	204	204	204
SAOUHSC_T0007	27	5	27
SAOUHSC_00174	612	612	612
SAOUHSC_01794	55776	55776	55776
SAOUHSC_03023	23398	23398	23398
SAOUHSC_02805	0	0	0
SAOUHSC_00920	23663	23663	23663
SAOUHSC_01839	13657	13657	13657
SAOUHSC_02576	21152	21152	21152
SAOUHSC_R00015	3	0	3
SAOUHSC_00872	33191	33191	33191
SAOUHSC_00154	4	4	4
SAOUHSC_01760	2127	2127	2127
SAOUHSC_A02811	0	0	0
SAOUHSC_R00014	4	0	4
SAOUHSC_00869	33377	33377	33377
SAOUHSC_02866	14256	14256	14256
SAOUHSC_01844	2	2	2
SAOUHSC_01761	1470	1470	1470
SAOUHSC_01005	11108	11108	11108
SAOUHSC_01068	2	2	2
SAOUHSC_02115	1	1	1
SAOUHSC_T00017	0	0	0
SAOUHSC_02745	7	7	7
SAOUHSC_R00012	3	0	3
SAOUHSC_02717	1	1	1
SAOUHSC_00561	1209	1209	1209
SAOUHSC_00737	1	1	1
SAOUHSC_00772	0	0	0
SAOUHSC_01339	1	1	1
SAOUHSC_01853	1	1	1
SAOUHSC_02838	3	3	3
SAOUHSC_02872	253	253	253
SAOUHSC_00243	1	1	1
SAOUHSC_01402	0	0	0
SAOUHSC_01963	0	0	0
SAOUHSC_02953	3767	3767	3767
SAOUHSC_02954	1168	1168	1168
SAOUHSC_03041	161	161	161
SAOUHSC_3042a	111	51	111
SAOUHSC_00355	93	93	93
SAOUHSC_03040	1542	1342	1542
SAOUHSC_03042	97	83	97
SAOUHSC_03037	940	940	940
SAOUHSC_03036	616	616	616
SAOUHSC_03037a	22	14	22
SAOUHSC_00108	1	1	1
SAOUHSC_00387	0	0	0
SAOUHSC_00583	0	0	0
SAOUHSC_00677	0	0	0
SAOUHSC_00778	0	0	0
SAOUHSC_00809	0	0	0
SAOUHSC_00867	0	0	0
SAOUHSC_00967	0	0	0
SAOUHSC_01003	1	1	1
SAOUHSC_01109	1	1	1
SAOUHSC_01883	0	0	0
SAOUHSC_01934	0	0	0
SAOUHSC_02069	0	0	0
SAOUHSC_02105	0	0	0
SAOUHSC_02459	6	6	6
SAOUHSC_02634	0	0	0
SAOUHSC_02804	0	0	0
SAOUHSC_02890	0	0	0
SAOUHSC_02939	0	0	0
SAOUHSC_02948	5	5	5
SAOUHSC_02950	1	1	1
SAOUHSC_A01436	0	0	0
SAOUHSC_A02169	0	0	0
