Feature ID	Wild-type - WT1_S7 (GE) - Expression values	Wild-type - WT1_S7 (GE) - Unique gene reads	Wild-type - WT1_S7 (GE) - Total gene reads
SAOUHSC_01037	10	10	10
SAOUHSC_00303	4	4	4
SAOUHSC_00978	94	94	94
SAOUHSC_02313	3	3	3
SAOUHSC_02518	6	6	6
SAOUHSC_A02577	2	2	2
SAOUHSC_01295	10	10	10
SAOUHSC_02705	3	3	3
SAOUHSC_01290	37	37	37
SAOUHSC_01291	3	3	3
SAOUHSC_02732	2	2	2
SAOUHSC_T00016	1	0	1
SAOUHSC_00823	205	205	205
SAOUHSC_02515	808	808	808
SAOUHSC_01930	21	21	21
SAOUHSC_02925	49	49	49
SAOUHSC_00069	1497470	1497470	1497470
SAOUHSC_02312	20291	20291	20291
SAOUHSC_01357	87	87	87
SAOUHSC_02771	117	117	117
SAOUHSC_01315	10	10	10
SAOUHSC_00244	280	280	280
SAOUHSC_A02450	62	62	62
SAOUHSC_02799	39	39	39
SAOUHSC_02832	13	13	13
SAOUHSC_01902	80	80	80
SAOUHSC_02109	8	8	8
SAOUHSC_02657	4	4	4
SAOUHSC_01704	46	46	46
SAOUHSC_02603	649	649	649
SAOUHSC_01113	37	37	37
SAOUHSC_00853	33	33	33
SAOUHSC_01637	46	45	46
SAOUHSC_01421	6	6	6
SAOUHSC_01305	51	51	51
SAOUHSC_00253	12330	12330	12330
SAOUHSC_02311	31713	31713	31713
SAOUHSC_00599	99	99	99
SAOUHSC_01264	5351	5351	5351
SAOUHSC_02821	258	258	258
SAOUHSC_01628	198	198	198
SAOUHSC_00545	68288	67396	68288
SAOUHSC_00232	88305	88305	88305
SAOUHSC_01841	52	52	52
SAOUHSC_00087	2	2	2
SAOUHSC_00470	1	1	1
SAOUHSC_01230	35	35	35
SAOUHSC_02141	1	1	1
SAOUHSC_T00052	118	3	118
SAOUHSC_02566	3774	3774	3774
SAOUHSC_02338	867	867	867
SAOUHSC_02310	10677	10677	10677
SAOUHSC_R0002	48	0	48
SAOUHSC_02856	22	22	22
SAOUHSC_02820	928	928	928
SAOUHSC_01297	98	98	98
SAOUHSC_00233	241168	241168	241168
SAOUHSC_1307a	32	32	32
SAOUHSC_00916	60	60	60
SAOUHSC_01331	1	1	1
SAOUHSC_00270	720	720	720
SAOUHSC_02701	372	372	372
SAOUHSC_01863	1316	1316	1316
SAOUHSC_01119	712	712	712
SAOUHSC_00824	267	267	267
SAOUHSC_01131	1356	1356	1356
SAOUHSC_01293	13	13	13
SAOUHSC_02809	15124	15124	15124
SAOUHSC_02129	30	30	30
SAOUHSC_00718	351	351	351
SAOUHSC_00492	307	307	307
SAOUHSC_01024	2601	2601	2601
SAOUHSC_02455	155	155	155
SAOUHSC_02419	439	439	439
SAOUHSC_03002	141	141	141
SAOUHSC_01971	182	182	182
SAOUHSC_02432	9	9	9
SAOUHSC_00589	90	90	90
SAOUHSC_02452	366	366	366
SAOUHSC_00238	3	3	3
SAOUHSC_01123	595	595	595
SAOUHSC_02607	34472	34472	34472
SAOUHSC_00045	51	51	51
SAOUHSC_01101	86	86	86
SAOUHSC_02606	29967	29967	29967
SAOUHSC_03045	42460	42460	42460
SAOUHSC_00040	0	0	0
SAOUHSC_00826	3371	3371	3371
SAOUHSC_00070	4446	4446	4446
SAOUHSC_02453	322	322	322
SAOUHSC_T00020	9	0	9
SAOUHSC_01389	223	223	223
SAOUHSC_00251	1604	1604	1604
SAOUHSC_00972	832	832	832
SAOUHSC_02393	649	649	649
SAOUHSC_03003	20	20	20
SAOUHSC_00591	255	255	255
SAOUHSC_01956	215	215	215
SAOUHSC_00593	121	121	121
SAOUHSC_01334	614	614	614
SAOUHSC_00446	17	17	17
SAOUHSC_02470	323	323	323
SAOUHSC_00852	0	0	0
SAOUHSC_03046	682	682	682
SAOUHSC_00747	1386	1386	1386
SAOUHSC_00255	403	403	403
SAOUHSC_00260	210	209	210
SAOUHSC_00973	11494	11494	11494
SAOUHSC_02572	1107	1107	1107
SAOUHSC_01950	20	20	20
SAOUHSC_02817	12	12	12
SAOUHSC_03000	41	41	41
SAOUHSC_00075	429	429	429
SAOUHSC_02320	4468	4468	4468
SAOUHSC_00271	1345	1345	1345
SAOUHSC_00144	190321	190321	190321
SAOUHSC_02588	8	8	8
SAOUHSC_02808	26332	26332	26332
SAOUHSC_01292	54	54	54
SAOUHSC_01090	7	7	7
SAOUHSC_01055a	662	662	662
SAOUHSC_02886	54	54	54
SAOUHSC_01111	69	69	69
SAOUHSC_00841	861	861	861
SAOUHSC_02914	7	7	7
SAOUHSC_00254	79	79	79
SAOUHSC_00915	53	53	53
SAOUHSC_01923	260	260	260
SAOUHSC_00145	15966	15966	15966
SAOUHSC_02314	53324	53324	53324
SAOUHSC_02990	42958	42958	42958
SAOUHSC_00076	633	633	633
SAOUHSC_00074	6555	6555	6555
SAOUHSC_00249	1425	1425	1425
SAOUHSC_A02331	120	120	120
SAOUHSC_01897	157	157	157
SAOUHSC_01353	302	302	302
SAOUHSC_02153	342	342	342
SAOUHSC_01957	660	660	660
SAOUHSC_02618	7976	7976	7976
SAOUHSC_02858	60	60	60
SAOUHSC_00704	4600	4600	4600
SAOUHSC_00612	254	254	254
SAOUHSC_00674	494	494	494
SAOUHSC_00775	668	668	668
SAOUHSC_00257	22963	22963	22963
SAOUHSC_00203	226	226	226
SAOUHSC_02157	1297	1297	1297
SAOUHSC_00806	1602	1602	1602
SAOUHSC_01363	2079	2079	2079
SAOUHSC_02664	4590	4590	4590
SAOUHSC_01030	981	981	981
SAOUHSC_00272	496	496	496
SAOUHSC_02798	18508	18508	18508
SAOUHSC_00808	6115	6115	6115
SAOUHSC_01120	2958	2958	2958
SAOUHSC_01394	423	423	423
SAOUHSC_00250	1561	1561	1561
SAOUHSC_00205	0	0	0
SAOUHSC_00650	3	3	3
SAOUHSC_01294	8	8	8
SAOUHSC_01300	0	0	0
SAOUHSC_01765	4	4	4
SAOUHSC_01937	3	3	3
SAOUHSC_02339	3	3	3
SAOUHSC_02451	137	137	137
SAOUHSC_02616	3	3	3
SAOUHSC_02889	0	0	0
SAOUHSC_02940	1	1	1
SAOUHSC_A00526	0	0	0
SAOUHSC_02454	182	182	182
SAOUHSC_01603	585	574	585
SAOUHSC_02813	8275	8275	8275
SAOUHSC_01409	160	159	160
SAOUHSC_00360	1328	1328	1328
SAOUHSC_00084	482	482	482
SAOUHSC_02521	614	614	614
SAOUHSC_00749	18438	18438	18438
SAOUHSC_02819	50	50	50
SAOUHSC_02315	15797	15797	15797
SAOUHSC_02759	5862	5862	5862
SAOUHSC_00289	93	93	93
SAOUHSC_02245	308	308	308
SAOUHSC_03005	213	213	213
SAOUHSC_00986	459	459	459
SAOUHSC_00261	1536	1536	1536
SAOUHSC_00112	48	33	48
secY_2	276	276	276
SAOUHSC_00409	224	224	224
SAOUHSC_01422	344	344	344
SAOUHSC_00991	694	694	694
SAOUHSC_02619	9117	9117	9117
SAOUHSC_02991	8771	8771	8771
SAOUHSC_01324	6483	6483	6483
SAOUHSC_01905	22	21	22
SAOUHSC_00746	2908	2908	2908
SAOUHSC_02702	207	207	207
SAOUHSC_02928	115	115	115
SAOUHSC_00266	618	618	618
SAOUHSC_00926	3332	3332	3332
SAOUHSC_00300	64455	64455	64455
SAOUHSC_00993	77	77	77
SAOUHSC_02271	278	278	278
SAOUHSC_00135	619	619	619
SAOUHSC_00077	1068	1068	1068
SAOUHSC_01388	7	7	7
SAOUHSC_00588	421	421	421
SAOUHSC_00701	1023	1023	1023
SAOUHSC_02156	13	13	13
SAOUHSC_00923	1719	1719	1719
SAOUHSC_01647	862	862	862
SAOUHSC_00913	46	46	46
SAOUHSC_00042	774	774	774
SAOUHSC_02378	2841	2841	2841
SAOUHSC_00927	7167	7167	7167
SAOUHSC_02008	2342	2342	2342
SAOUHSC_01984	671	671	671
SAOUHSC_00725	296	296	296
SAOUHSC_00544	9000	8923	9000
SAOUHSC_00259	816	816	816
SAOUHSC_01503	1938	1938	1938
SAOUHSC_00202	265	265	265
SAOUHSC_00357	2839	2839	2839
SAOUHSC_02795	561	561	561
SAOUHSC_01084	736	736	736
SAOUHSC_00753	628	628	628
SAOUHSC_02437	148	111	148
SAOUHSC_00044	684	684	684
SAOUHSC_01013	9321	9321	9321
SAOUHSC_00193	140	140	140
SAOUHSC_02104	58	58	58
SAOUHSC_01097	2942	2942	2942
SAOUHSC_00166	1513	1513	1513
SAOUHSC_03001	6289	6289	6289
SAOUHSC_01627	4318	4318	4318
SAOUHSC_00585	47	47	47
SAOUHSC_00837	20	20	20
SAOUHSC_00992	634	634	634
SAOUHSC_01789	9399	9399	9399
SAOUHSC_00844	959	959	959
SAOUHSC_00925	3419	3419	3419
SAOUHSC_01311	44	44	44
SAOUHSC_01484	17	17	17
SAOUHSC_02883	2843	2843	2843
SAOUHSC_02309	1348	1348	1348
SAOUHSC_01072	2722	2722	2722
SAOUHSC_00618	737	737	737
SAOUHSC_02800	7	7	7
SAOUHSC_00537	1492	1491	1492
SAOUHSC_00025	7717	7717	7717
SAOUHSC_02144	1059	1059	1059
SAOUHSC_00936	89	89	89
SAOUHSC_00072	1835	1835	1835
SAOUHSC_01088	251	251	251
SAOUHSC_02256	3240	3240	3240
SAOUHSC_00163	3858	3858	3858
SAOUHSC_00046	275	275	275
SAOUHSC_00931	440	440	440
SAOUHSC_02944	217	217	217
SAOUHSC_00030	4910	4910	4910
SAOUHSC_00924	2116	2116	2116
SAOUHSC_00258	5866	5866	5866
SAOUHSC_02246	308	308	308
SAOUHSC_02678	1369	1369	1369
SAOUHSC_01010	1226	1226	1226
SAOUHSC_02458	23	23	23
SAOUHSC_00275	672	487	672
SAOUHSC_00368	45	45	45
SAOUHSC_01310	37454	37454	37454
SAOUHSC_00164	3117	3117	3117
SAOUHSC_02275	56	56	56
SAOUHSC_01012	2612	2612	2612
SAOUHSC_03047	310	310	310
SAOUHSC_00842	1177	1177	1177
SAOUHSC_01918	89978	89978	89978
SAOUHSC_00706	7456	7456	7456
SAOUHSC_02688	11	11	11
SAOUHSC_00636	93940	93940	93940
SAOUHSC_02622	11625	11625	11625
SAOUHSC_02722	387	387	387
SAOUHSC_02865	118	118	118
SAOUHSC_02589	8847	8847	8847
SAOUHSC_00682	1670	1670	1670
SAOUHSC_00299	1616	1616	1616
SAOUHSC_00279	2917	2917	2917
SAOUHSC_01896	2196	2196	2196
SAOUHSC_01898	361	361	361
SAOUHSC_02528	1439	1439	1439
SAOUHSC_02973	2076	2076	2076
SAOUHSC_02570	339	339	339
SAOUHSC_02868	79	79	79
SAOUHSC_02258	1659	1659	1659
SAOUHSC_01799	29636	29636	29636
SAOUHSC_00540	535	535	535
SAOUHSC_01635	1315	1315	1315
SAOUHSC_00669	8998	8998	8998
SAOUHSC_02806	25146	25146	25146
SAOUHSC_01919	126231	126231	126231
SAOUHSC_00274	1042	1019	1042
SAOUHSC_00744	50	50	50
SAOUHSC_01945	686	686	686
SAOUHSC_00965	3237	3237	3237
SAOUHSC_02609	124	124	124
SAOUHSC_00313	162686	162686	162686
SAOUHSC_01011	1192	1192	1192
SAOUHSC_02666	4139	4139	4139
SAOUHSC_00800	2392	2392	2392
SAOUHSC_01304	983	983	983
SAOUHSC_00843	468	468	468
SAOUHSC_02465	5579	5579	5579
SAOUHSC_01014	7528	7528	7528
recX	4759	4759	4759
SAOUHSC_00089	158	158	158
SAOUHSC_01931	1096	1096	1096
SAOUHSC_01085	695	695	695
SAOUHSC_01356	3596	3596	3596
SAOUHSC_00421	1102	1102	1102
SAOUHSC_01954	129	129	129
SAOUHSC_01879	33521	33521	33521
SAOUHSC_00862	3373	3373	3373
SAOUHSC_01112	403	403	403
SAOUHSC_02651	3844	3844	3844
SAOUHSC_01604	11828	11697	11828
SAOUHSC_00134	855	855	855
SAOUHSC_01729	7891	7891	7891
SAOUHSC_00130	1396	1396	1396
SAOUHSC_02462	13	13	13
SAOUHSC_03018	300	300	300
SAOUHSC_00269	15775	12938	15775
SAOUHSC_02145	772	772	772
SAOUHSC_02794	1593	1593	1593
SAOUHSC_02811	15925	15925	15925
SAOUHSC_1342a	7790	7790	7790
SAOUHSC_00262	7622	7622	7622
SAOUHSC_00977	744	744	744
SAOUHSC_03004	152	152	152
SAOUHSC_02988	1366	1366	1366
SAOUHSC_00347	1020	1020	1020
SAOUHSC_00838	15861	15861	15861
SAOUHSC_02335	8625	8625	8625
SAOUHSC_02608	3141	3141	3141
SAOUHSC_02475	658	658	658
SAOUHSC_01395	965	965	965
SAOUHSC_02624	5828	5828	5828
SAOUHSC_00389	91	91	91
SAOUHSC_00395	544	544	544
SAOUHSC_01137	7810	7810	7810
SAOUHSC_01922	3623	3623	3623
SAOUHSC_00199	23874	23874	23874
SAOUHSC_00700	1963	1962	1963
SAOUHSC_01124	91	91	91
SAOUHSC_02272	645	645	645
SAOUHSC_02631	4915	4915	4915
SAOUHSC_01155	2983	2983	2983
SAOUHSC_01015	5399	5399	5399
SAOUHSC_01173	1501	1501	1501
SAOUHSC_00634	178910	178910	178910
SAOUHSC_00748	2208	2208	2208
SAOUHSC_01016	3055	3055	3055
SAOUHSC_02971	1371	1371	1371
SAOUHSC_00637	168473	168473	168473
SAOUHSC_00078	707	707	707
SAOUHSC_01999	9875	9875	9875
SAOUHSC_00131	512	512	512
SAOUHSC_02620	2331	2331	2331
SAOUHSC_01009	5052	5052	5052
SAOUHSC_02641	246	246	246
SAOUHSC_02777	4471	4471	4471
SAOUHSC_00175	4193	4193	4193
SAOUHSC_02585	8049	8049	8049
SAOUHSC_02409	96471	96471	96471
SAOUHSC_01023	60	60	60
SAOUHSC_02549	12699	12699	12699
SAOUHSC_02519	8291	8291	8291
SAOUHSC_01073	1959	1959	1959
SAOUHSC_01800	24628	24628	24628
SAOUHSC_00312	40653	40653	40653
SAOUHSC_00922	392	392	392
SAOUHSC_00497	2801	2801	2801
SAOUHSC_01942	57	57	57
SAOUHSC_00828	1622	1622	1622
SAOUHSC_02670	6273	6273	6273
SAOUHSC_02737	12347	12347	12347
SAOUHSC_01952	580	580	580
SAOUHSC_02575	4997	4997	4997
SAOUHSC_00351	321	321	321
SAOUHSC_00774	2378	2378	2378
SAOUHSC_00697	350	350	350
SAOUHSC_00290	14786	14786	14786
SAOUHSC_00548	7637	7637	7637
SAOUHSC_01921	2363	2363	2363
SAOUHSC_02524	4149	4149	4149
SAOUHSC_00662	1400	1400	1400
SAOUHSC_00053	279	279	279
SAOUHSC_01067	7847	7847	7847
SAOUHSC_00311	30475	30475	30475
SAOUHSC_00673	2342	2342	2342
SAOUHSC_00088	113	113	113
SAOUHSC_02529	6624	6624	6624
SAOUHSC_02744	4548	4548	4548
SAOUHSC_00162	35929	35929	35929
trpC	140	140	140
SAOUHSC_00229	1626	1626	1626
SAOUHSC_02650	18427	18427	18427
SAOUHSC_02450	1106	1106	1106
SAOUHSC_00050	1361	1361	1361
SAOUHSC_02605	1587	1587	1587
SAOUHSC_00264	494	494	494
SAOUHSC_00619	22059	22059	22059
SAOUHSC_00182	169	169	169
SAOUHSC_01387	162	162	162
SAOUHSC_02756	707	707	707
SAOUHSC_01396	1017	1017	1017
SAOUHSC_01655	1300	1300	1300
SAOUHSC_01847	4498	4498	4498
SAOUHSC_00874	3192	3192	3192
SAOUHSC_00280	7015	7015	7015
SAOUHSC_00197	17173	17173	17173
SAOUHSC_00363	2039	2039	2039
SAOUHSC_02696	1523	1523	1523
SAOUHSC_00195	21632	21632	21632
SAOUHSC_01336	6006	6006	6006
SAOUHSC_00105	319	319	319
SAOUHSC_02599	1689	1689	1689
SAOUHSC_01798	1017	1017	1017
SAOUHSC_03016	1628	1628	1628
SAOUHSC_00079	1218	1215	1218
SAOUHSC_00949	2321	2321	2321
SAOUHSC_00049	6974	6974	6974
SAOUHSC_00325	140	140	140
SAOUHSC_00173	2347	2347	2347
SAOUHSC_02731	13047	13047	13047
SAOUHSC_00376	171	171	171
SAOUHSC_01403	255648	255648	255648
SAOUHSC_00104	223	223	223
SAOUHSC_02937	5218	5218	5218
SAOUHSC_02773	30018	30018	30018
SAOUHSC_00198	23242	23242	23242
SAOUHSC_02390	29304	29304	29304
SAOUHSC_00335	1974	1974	1974
SAOUHSC_02923	1654	1654	1654
SAOUHSC_01617	6119	6119	6119
SAOUHSC_02810	26099	26099	26099
SAOUHSC_01180	6581	6581	6581
gpmA	43403	43403	43403
SAOUHSC_01707	13171	13171	13171
SAOUHSC_02476	977	977	977
SAOUHSC_01301	3	3	3
SAOUHSC_01397	1121	1121	1121
SAOUHSC_01317	13683	13683	13683
ulaA	92747	92747	92747
SAOUHSC_00196	33624	33624	33624
SAOUHSC_00133	2727	2727	2727
SAOUHSC_00515	2599	2599	2599
SAOUHSC_01948	1774	1774	1774
SAOUHSC_00328	1590	1590	1590
SAOUHSC_01303	1103	1103	1103
SAOUHSC_03022	6875	6875	6875
SAOUHSC_00383	974	974	974
SAOUHSC_01082	1201	1201	1201
SAOUHSC_00324	2093	2093	2093
SAOUHSC_02882	1836	1836	1836
SAOUHSC_00394	150	150	150
SAOUHSC_00329	1052	1052	1052
SAOUHSC_00620	9611	9611	9611
SAOUHSC_00008	15198	15198	15198
SAOUHSC_01268	693	693	693
SAOUHSC_00041	1585	1585	1585
SAOUHSC_02837	368	368	368
SAOUHSC_00384	164	164	164
SAOUHSC_00080	1638	1636	1638
SAOUHSC_02001	13406	13406	13406
SAOUHSC_00961	81	81	81
SAOUHSC_01489	129	129	129
SAOUHSC_00136	71	71	71
SAOUHSC_01134	594	594	594
SAOUHSC_00220	5737	5737	5737
SAOUHSC_01650	2885	2885	2885
SAOUHSC_01849	8113	8113	8113
SAOUHSC_02151	1705	1705	1705
SAOUHSC_03048	129	129	129
SAOUHSC_02430	23767	23767	23767
SAOUHSC_00941	8214	8214	8214
SAOUHSC_01710	4184	4184	4184
SAOUHSC_00065	2173	2173	2173
SAOUHSC_02569	130	130	130
SAOUHSC_00948	22690	22690	22690
SAOUHSC_02905	482	482	482
SAOUHSC_03026	1082	1082	1082
SAOUHSC_01917	142	142	142
SAOUHSC_03028	6702	6702	6702
SAOUHSC_00178	3514	3514	3514
SAOUHSC_00256	2793	2793	2793
SAOUHSC_02912	30885	30885	30885
SAOUHSC_00132	425020	425020	425020
SAOUHSC_00422	2380	2380	2380
SAOUHSC_00962	986	986	986
SAOUHSC_02931	864	864	864
SAOUHSC_02986	739	739	739
SAOUHSC_01671	2174	2174	2174
SAOUHSC_02761	1412	1412	1412
SAOUHSC_01181	10016	10016	10016
SAOUHSC_02248	1089	1089	1089
SAOUHSC_01213	6549	6549	6549
SAOUHSC_01220	350	350	350
SAOUHSC_00221	8949	8949	8949
SAOUHSC_00740	2870	2870	2870
SAOUHSC_01464	20850	20850	20850
SAOUHSC_01899	316	316	316
SAOUHSC_01691	448	448	448
SAOUHSC_00222	11022	11022	11022
SAOUHSC_01110	2186	2186	2186
SAOUHSC_01008	1983	1983	1983
SAOUHSC_02449	1583	1583	1583
SAOUHSC_00845	161155	161155	161155
SAOUHSC_01414	4337	4337	4337
SAOUHSC_01640	70	70	70
SAOUHSC_02660	6850	6850	6850
SAOUHSC_01846	63937	63937	63937
SAOUHSC_00479	15364	15364	15364
SAOUHSC_02435	1244	1244	1244
SAOUHSC_00322	5684	5684	5684
SAOUHSC_02743	2170	2170	2170
SAOUHSC_00988	3043	3043	3043
SAOUHSC_02733	15852	15852	15852
SAOUHSC_01768	9613	9613	9613
SAOUHSC_02555	4937	4937	4937
SAOUHSC_00825	9838	9838	9838
SAOUHSC_02767	4272	4272	4272
SAOUHSC_01385	373	373	373
SAOUHSC_02960	5435	5435	5435
SAOUHSC_00276	895	683	895
SAOUHSC_02464	7315	7315	7315
SAOUHSC_00393	116	116	116
SAOUHSC_02471	1166	1166	1166
SAOUHSC_00007	3239	3239	3239
SAOUHSC_02593	2779	2779	2779
SAOUHSC_00176	4908	4908	4908
SAOUHSC_00885	8311	8311	8311
SAOUHSC_00177	5677	5677	5677
SAOUHSC_02719	569	569	569
SAOUHSC_02645	718	718	718
SAOUHSC_02842	304	304	304
nrdI	12985	12320	12985
SAOUHSC_00151	9524	9524	9524
SAOUHSC_02568	4329	4329	4329
SAOUHSC_01399	2241	2241	2241
SAOUHSC_00362	10770	10770	10770
SAOUHSC_00556	34865	34865	34865
SAOUHSC_00277	1309	1246	1309
SAOUHSC_02127	964	964	964
SAOUHSC_02911	2827	2827	2827
SAOUHSC_02014	4207	4207	4207
SAOUHSC_02790	6841	6841	6841
SAOUHSC_00678	9709	9709	9709
SAOUHSC_01296	839	839	839
SAOUHSC_02614	4017	4017	4017
SAOUHSC_01830	4086	4086	4086
SAOUHSC_01133	2334	2334	2334
SAOUHSC_01366	934	934	934
SAOUHSC_01657	2353	2353	2353
SAOUHSC_01440	640	640	640
SAOUHSC_01884	153744	153744	153744
SAOUHSC_02472	2508	2508	2508
SAOUHSC_00938	16653	16653	16653
SAOUHSC_00738	128360	128360	128360
SAOUHSC_02658	831	831	831
SAOUHSC_02910	7827	7827	7827
SAOUHSC_01835	3083	3079	3083
SAOUHSC_00314	2823	2823	2823
SAOUHSC_00707	9264	9264	9264
SAOUHSC_00052	242	226	242
SAOUHSC_01997	23180	23180	23180
SAOUHSC_02851	89	89	89
SAOUHSC_02801	16580	16580	16580
SAOUHSC_01986	10911	10911	10911
SAOUHSC_00143	2982	2982	2982
SAOUHSC_00081	879	877	879
SAOUHSC_02119	26947	26947	26947
SAOUHSC_01507	76	76	76
SAOUHSC_00204	13246	13246	13246
SAOUHSC_00810	444	444	444
SAOUHSC_00940	8322	8322	8322
SAOUHSC_00265	754	754	754
SAOUHSC_02739	5877	5877	5877
SAOUHSC_02259	9551	9551	9551
SAOUHSC_02523	2419	2419	2419
SAOUHSC_00586	588	588	588
SAOUHSC_02694	3672	3672	3672
SAOUHSC_01968	9842	9842	9842
SAOUHSC_02276	3321	3321	3321
SAOUHSC_03049	15628	15628	15628
SAOUHSC_02778	17264	17264	17264
SAOUHSC_01036	11599	11599	11599
SAOUHSC_02533	231	231	231
SAOUHSC_00297	7208	7208	7208
SAOUHSC_01062	11254	11254	11254
SAOUHSC_00218	49	49	49
SAOUHSC_00899	887	887	887
SAOUHSC_00082	1367	1367	1367
SAOUHSC_02863	156	156	156
SAOUHSC_00326	323	323	323
SAOUHSC_02587	9305	9305	9305
SAOUHSC_00381	593	593	593
SAOUHSC_01805	651	469	651
SAOUHSC_00359	2469	2469	2469
SAOUHSC_00880	4452	4452	4452
SAOUHSC_02949	1298	1298	1298
SAOUHSC_02695	1903	1903	1903
SAOUHSC_01279	4134	4134	4134
SAOUHSC_00410	1697	1697	1697
SAOUHSC_00555	2698	2698	2698
SAOUHSC_02553	2781	2781	2781
SAOUHSC_01343	6286	6286	6286
SAOUHSC_02247	1093	1093	1093
SAOUHSC_02926	78122	78122	78122
purH	8113	8113	8113
SAOUHSC_02861	6054	6054	6054
SAOUHSC_00043	91	91	91
SAOUHSC_00392	508	508	508
SAOUHSC_02461	1198	1198	1198
SAOUHSC_01398	1386	1386	1386
SAOUHSC_01908	32316	32316	32316
SAOUHSC_02699	18518	18509	18518
SAOUHSC_01880	115	89	115
SAOUHSC_01781	21005	21005	21005
SAOUHSC_02546	7515	7515	7515
SAOUHSC_00742	68330	67636	68330
SAOUHSC_02729	228833	228833	228833
SAOUHSC_01706	997	997	997
SAOUHSC_02700	6543	6543	6543
SAOUHSC_00181	8050	8050	8050
SAOUHSC_02093	4514	4514	4514
SAOUHSC_02304	11105	11105	11105
SAOUHSC_00621	1235	1235	1235
SAOUHSC_02532	549	549	549
SAOUHSC_01607	32	32	32
SAOUHSC_02775	1359	1359	1359
SAOUHSC_00062	107	107	107
SAOUHSC_02367	4379	4379	4379
SAOUHSC_02147	12211	12211	12211
SAOUHSC_01051	6598	6598	6598
SAOUHSC_00807	3528	3528	3528
SAOUHSC_00651	6866	6866	6866
SAOUHSC_02654	8039	8039	8039
SAOUHSC_00705	1382	1382	1382
SAOUHSC_02436	10593	10593	10593
SAOUHSC_02648	3198	3198	3198
SAOUHSC_01920	6432	6432	6432
SAOUHSC_02826	1678	1678	1678
SAOUHSC_00268	18789	18789	18789
SAOUHSC_00377	240	240	240
SAOUHSC_A02794	810	810	810
SAOUHSC_00106	408	408	408
SAOUHSC_02612	9584	9584	9584
SAOUHSC_01900	292	292	292
SAOUHSC_02691	1892	1892	1892
SAOUHSC_02552	1177	1177	1177
SAOUHSC_01639	41	41	41
holA	1106	1106	1106
SAOUHSC_00830	2772	2772	2772
SAOUHSC_00454	8308	8308	8308
SAOUHSC_00267	415	415	415
SAOUHSC_00835	24234	24234	24234
SAOUHSC_00508	11987	11987	11987
SAOUHSC_00607	9076	9076	9076
SAOUHSC_01319	389	389	389
SAOUHSC_01478	1245	1245	1245
SAOUHSC_00605	5475	5475	5475
SAOUHSC_00987	2559	2559	2559
SAOUHSC_01709	19606	19606	19606
SAOUHSC_01728	7410	7410	7410
SAOUHSC_00989	5298	5298	5298
SAOUHSC_00086	4048	4048	4048
SAOUHSC_02460	17199	17199	17199
SAOUHSC_00440	0	0	0
SAOUHSC_01992	11511	11511	11511
SAOUHSC_02888	538	538	538
SAOUHSC_02741	2302	2302	2302
SAOUHSC_02843	4982	4982	4982
SAOUHSC_02783	806	806	806
SAOUHSC_00083	1348	1348	1348
SAOUHSC_00840	5164	5164	5164
SAOUHSC_01313	1074	1074	1074
SAOUHSC_02003	5770	5770	5770
SAOUHSC_02831	1637	1637	1637
SAOUHSC_00864	10377	10377	10377
SAOUHSC_00428	6080	6080	6080
SAOUHSC_02992	515	515	515
SAOUHSC_02403	86646	86646	86646
SAOUHSC_00888	9133	9133	9133
SAOUHSC_01708	11373	11373	11373
SAOUHSC_02686	3722	3722	3722
SAOUHSC_01340	4804	4804	4804
SAOUHSC_00698	9231	9231	9231
SAOUHSC_01975	25775	25775	25775
SAOUHSC_02924	407	407	407
SAOUHSC_00370	6759	6759	6759
SAOUHSC_01462	40910	40910	40910
SAOUHSC_00535	103667	103667	103667
SAOUHSC_02757	2406	2406	2406
SAOUHSC_02780	1798	1798	1798
SAOUHSC_01367	431	431	431
SAOUHSC_01941	72	72	72
SAOUHSC_00026	666	268	666
SAOUHSC_00683	1573	1573	1573
SAOUHSC_00687	5691	5691	5691
SAOUHSC_A01081	37	37	37
SAOUHSC_02520	12674	12674	12674
SAOUHSC_01400	2211	2211	2211
SAOUHSC_02374	3904	3904	3904
SAOUHSC_02625	9367	9367	9367
SAOUHSC_02547	9005	9005	9005
SAOUHSC_00304	5358	5358	5358
SAOUHSC_00378	463	463	463
SAOUHSC_00366	34786	34786	34786
SAOUHSC_02846	9570	9570	9570
SAOUHSC_00180	7159	7159	7159
SAOUHSC_02584	5469	5469	5469
SAOUHSC_00367	5717	5717	5717
SAOUHSC_02308	13859	13859	13859
SAOUHSC_02766	1247	1247	1247
SAOUHSC_02828	2893	2893	2893
SAOUHSC_02829	21884	21884	21884
SAOUHSC_02803	3248	3219	3248
SAOUHSC_02626	10673	10673	10673
SAOUHSC_00702	5593	5593	5593
SAOUHSC_01452	112	112	112
SAOUHSC_02640	383	383	383
SAOUHSC_02862	44131	44131	44131
SAOUHSC_00371	45447	45447	45447
SAOUHSC_01018	8920	8920	8920
SAOUHSC_01762	6189	6189	6189
SAOUHSC_02417	73783	73783	73783
SAOUHSC_01407	11686	11686	11686
SAOUHSC_02600	11140	11140	11140
SAOUHSC_01152	5759	5759	5759
SAOUHSC_02621	1238	1238	1238
SAOUHSC_00592	574	574	574
SAOUHSC_00010	516	516	516
SAOUHSC_01656	3144	3144	3144
SAOUHSC_00760	7017	7017	7017
SAOUHSC_00765	506	506	506
SAOUHSC_02669	6818	6818	6818
SAOUHSC_01991	505	505	505
SAOUHSC_02776	662	662	662
SAOUHSC_00179	8160	8160	8160
SAOUHSC_01479	2163	2163	2163
nusB	9002	9002	9002
ksgA	11111	11111	11111
SAOUHSC_00501	54382	54382	54382
SAOUHSC_01990	725	725	725
SAOUHSC_01947	1034	1034	1034
SAOUHSC_02891	1723	1723	1723
SAOUHSC_02961	7012	7012	7012
SAOUHSC_00821	4828	4828	4828
SAOUHSC_02424	3829	3829	3829
SAOUHSC_02713	485	485	485
SAOUHSC_02663	5652	5652	5652
SAOUHSC_00441	2578	2578	2578
SAOUHSC_02779	11012	11012	11012
SAOUHSC_02284	239	239	239
SAOUHSC_02698	21278	21269	21278
SAOUHSC_00358	98110	98110	98110
SAOUHSC_01096	3998	3998	3998
SAOUHSC_00868	207	207	207
SAOUHSC_00161	489	489	489
SAOUHSC_02615	2058	2058	2058
SAOUHSC_02687	3999	3999	3999
SAOUHSC_00582	516	516	516
SAOUHSC_00979	8477	8477	8477
nrdF	46396	46396	46396
SAOUHSC_02816	6489	6489	6489
SAOUHSC_02879	8938	8938	8938
SAOUHSC_00092	1177	1177	1177
SAOUHSC_02597	12379	12379	12379
SAOUHSC_00928	102	102	102
SAOUHSC_00567	4912	4912	4912
SAOUHSC_01609	15595	15590	15595
SAOUHSC_01597	12562	12562	12562
SAOUHSC_01818	362636	362636	362636
SAOUHSC_00027	2353	912	2353
SAOUHSC_00602	510	510	510
SAOUHSC_02632	5270	5270	5270
spxA	117686	117686	117686
SAOUHSC_00381a	50	50	50
SAOUHSC_00402	1091	1091	1091
SAOUHSC_02774	7208	7208	7208
SAOUHSC_00192	1823	1823	1823
SAOUHSC_02628	4319	4319	4319
SAOUHSC_00386	111	111	111
SAOUHSC_01998	17131	17131	17131
SAOUHSC_01712	7417	7417	7417
SAOUHSC_01823	1391	1391	1391
SAOUHSC_02522	1874	1874	1874
SAOUHSC_01606	18889	18889	18889
SAOUHSC_01928	384	384	384
SAOUHSC_01711	9918	9918	9918
SAOUHSC_02845	6231	6231	6231
SAOUHSC_00124	794	794	794
SAOUHSC_01380	795	795	795
SAOUHSC_00247	2431	2431	2431
SAOUHSC_02662	339	339	339
SAOUHSC_01314	1930	1930	1930
SAOUHSC_00732	30611	30611	30611
SAOUHSC_02125	9858	9858	9858
SAOUHSC_02962	4438	4438	4438
SAOUHSC_01837	10104	10104	10104
SAOUHSC_02815	188511	188511	188511
SAOUHSC_00898	1660	1660	1660
SAOUHSC_00684	292	292	292
SAOUHSC_02445	8497	8497	8497
SAOUHSC_02647	86863	86863	86863
SAOUHSC_00213	442	442	442
SAOUHSC_01332	6046	6046	6046
SAOUHSC_01864	7901	7901	7901
SAOUHSC_02373	4221	4221	4221
SAOUHSC_01845	745143	745143	745143
SAOUHSC_00429	3209	3209	3209
SAOUHSC_02249	929	929	929
SAOUHSC_00642	16590	16590	16590
SAOUHSC_00614	5765	5765	5765
SAOUHSC_00784	11019	11019	11019
SAOUHSC_02301	43437	43437	43437
SAOUHSC_02554	23472	23472	23472
SAOUHSC_01840	2577	2577	2577
trpD	504	504	504
SAOUHSC_01758	3097	3097	3097
SAOUHSC_02791	2134	2134	2134
SAOUHSC_02656	2510	2510	2510
SAOUHSC_02690	7502	7502	7502
SAOUHSC_00755	4114	4114	4114
SAOUHSC_00285	17488	17488	17488
SAOUHSC_01219	671	671	671
SAOUHSC_R0006	29698	691	29698
lspA	1097	1097	1097
SAOUHSC_02929	60120	60120	60120
SAOUHSC_00284	7815	7815	7815
SAOUHSC_00726	2661	2661	2661
SAOUHSC_00703	6575	6575	6575
SAOUHSC_02751	7653	7653	7653
SAOUHSC_00960	12707	12707	12707
SAOUHSC_00150	339	339	339
SAOUHSC_02742	3986	3986	3986
SAOUHSC_02149	4902	4902	4902
SAOUHSC_00107	2058	2058	2058
SAOUHSC_00615	9275	9275	9275
SAOUHSC_02594	8415	8415	8415
SAOUHSC_02636	3351	3351	3351
SAOUHSC_02655	2	2	2
SAOUHSC_01591	8723	8723	8723
SAOUHSC_00816	1163	1163	1163
SAOUHSC_02627	27150	27150	27150
SAOUHSC_02958	353	353	353
SAOUHSC_01405	4310	4310	4310
SAOUHSC_02818	768	768	768
SAOUHSC_01783	632	632	632
SAOUHSC_02146	5918	5918	5918
SAOUHSC_A02189	2641	2641	2641
SAOUHSC_00405	8467	8467	8467
aroB	4462	4462	4462
SAOUHSC_00093	7283	7283	7283
SAOUHSC_01228	33801	33801	33801
SAOUHSC_01224	13927	13927	13927
SAOUHSC_02830	8830	8830	8830
SAOUHSC_02740	7066	7066	7066
SAOUHSC_02653	2483	2483	2483
SAOUHSC_00672	4291	4291	4291
SAOUHSC_00094	14558	14558	14558
SAOUHSC_00056	14143	14143	14143
SAOUHSC_00482	8598	8598	8598
SAOUHSC_00345	2197	2197	2197
SAOUHSC_00404	1559	1559	1559
SAOUHSC_03030	25554	25554	25554
SAOUHSC_02307	6486	6486	6486
SAOUHSC_02590	47729	47729	47729
SAOUHSC_00332	2152	2152	2152
SAOUHSC_00185	3259	3259	3259
SAOUHSC_01386	340	340	340
SAOUHSC_01044	2862	2862	2862
SAOUHSC_02864	2005	2005	2005
SAOUHSC_02677	4435	4435	4435
SAOUHSC_00047	495	495	495
SAOUHSC_01698	3925	3925	3925
SAOUHSC_02728	1046	1046	1046
SAOUHSC_00665	5010	5010	5010
SAOUHSC_01773	5116	5116	5116
SAOUHSC_00278	1025	995	1025
SAOUHSC_01103	37384	37384	37384
SAOUHSC_00754	3375	3375	3375
SAOUHSC_00186	2361	2361	2361
SAOUHSC_00382	3273	3273	3273
SAOUHSC_02420	2727	2727	2727
SAOUHSC_00316	608	608	608
SAOUHSC_00767	106219	106219	106219
SAOUHSC_00889	71672	71672	71672
SAOUHSC_00883	9020	9020	9020
SAOUHSC_02714	635	635	635
SAOUHSC_00773	608	608	608
SAOUHSC_02447	44432	44432	44432
SAOUHSC_02009	12452	12452	12452
SAOUHSC_02418	5419	5419	5419
SAOUHSC_01926	874	874	874
SAOUHSC_02351	39975	39975	39975
panB	15093	15093	15093
SAOUHSC_02936	2192	2192	2192
SAOUHSC_01081	6492	6492	6492
SAOUHSC_01719	26354	26354	26354
rnc	4771	4771	4771
SAOUHSC_02827	3196	3196	3196
SAOUHSC_00562	38016	38016	38016
SAOUHSC_02995	2504	2504	2504
SAOUHSC_02610	22834	22834	22834
SAOUHSC_00606	22183	22183	22183
SAOUHSC_01260	10659	10659	10659
SAOUHSC_02010	4275	4275	4275
SAOUHSC_01419	9519	9519	9519
SAOUHSC_00096	5202	5202	5202
SAOUHSC_00287	14427	14427	14427
SAOUHSC_02303	34399	34398	34399
SAOUHSC_02404	3861	3861	3861
SAOUHSC_02550	12699	12699	12699
SAOUHSC_01318	8159	8159	8159
SAOUHSC_02972	14981	14981	14981
SAOUHSC_01638	98	97	98
SAOUHSC_00939	14771	14771	14771
SAOUHSC_02750	3564	3564	3564
SAOUHSC_02402	45395	45395	45395
SAOUHSC_01459	2300	2300	2300
SAOUHSC_01747	22930	22930	22930
SAOUHSC_02649	13850	13850	13850
SAOUHSC_00863	2830	2830	2830
SAOUHSC_00616	15200	15200	15200
SAOUHSC_02444	46036	46036	46036
SAOUHSC_02545	10442	10442	10442
SAOUHSC_00881	5950	5950	5950
SAOUHSC_01066	23482	23482	23482
SAOUHSC_01721	23452	23452	23452
SAOUHSC_01439	2892	2892	2892
SAOUHSC_02383	22542	22542	22542
SAOUHSC_00547	7270	7270	7270
SAOUHSC_01138	29390	29390	29390
SAOUHSC_02148	4332	4332	4332
SAOUHSC_01593	4877	4877	4877
SAOUHSC_00452	26589	26589	26589
SAOUHSC_00596	368	368	368
SAOUHSC_02689	1601	1601	1601
SAOUHSC_02916	7095	7095	7095
SAOUHSC_00733	1097	1097	1097
SAOUHSC_01590	1390	1390	1390
hisZ	81	81	81
SAOUHSC_01929	45	45	45
SAOUHSC_01615	30091	30091	30091
SAOUHSC_00995	1646	1646	1646
SAOUHSC_00477	38361	38361	38361
SAOUHSC_02974	2436	2436	2436
SAOUHSC_00420	1180	1180	1180
SAOUHSC_02718	998	998	998
SAOUHSC_00532	195956	195956	195956
SAOUHSC_00603	20382	20382	20382
SAOUHSC_00168	218	218	218
SAOUHSC_00248	10232	10232	10232
SAOUHSC_00067	43795	43795	43795
mraY	18794	18794	18794
SAOUHSC_02676	6935	6935	6935
SAOUHSC_01495	412	412	412
SAOUHSC_00330	3547	3547	3547
argC	658	658	658
SAOUHSC_00759	4523	4523	4523
SAOUHSC_02715	182	182	182
SAOUHSC_02665	15635	15635	15635
SAOUHSC_01985	7039	7039	7039
SAOUHSC_01987	55515	55515	55515
SAOUHSC_02909	21312	21312	21312
SAOUHSC_02812	4462	4462	4462
SAOUHSC_00465	24055	24055	24055
SAOUHSC_03035	1238	1238	1238
SAOUHSC_00818	422	422	422
SAOUHSC_00463	6635	6635	6635
SAOUHSC_02563	2586	2586	2586
SAOUHSC_02281	267	267	267
SAOUHSC_02781	1055	1055	1055
SAOUHSC_00051	292	292	292
SAOUHSC_00664	7375	7375	7375
SAOUHSC_00480	24468	24468	24468
SAOUHSC_01468	1376	1376	1376
SAOUHSC_02090	8057	8057	8057
trmB	10674	10674	10674
SAOUHSC_00971	579	579	579
SAOUHSC_01951	230	230	230
SAOUHSC_01641	68	68	68
ureA	925	925	925
SAOUHSC_00832	3069	3069	3069
SAOUHSC_01666	149920	149920	149920
SAOUHSC_01977	118868	118868	118868
SAOUHSC_02541	3707	3707	3707
SAOUHSC_00169	170	170	170
SAOUHSC_01364	12647	12647	12647
SAOUHSC_02473	1036	1036	1036
SAOUHSC_01360	7959	7959	7959
SAOUHSC_01115	1263	1263	1263
SAOUHSC_02930	3041	3041	3041
SAOUHSC_02853	153041	153041	153041
SAOUHSC_01026	7985	7985	7985
SAOUHSC_00668	6301	6301	6301
hisB	117	117	117
SAOUHSC_00298	4261	4261	4261
SAOUHSC_00531	10529	10529	10529
SAOUHSC_02644	5882	5882	5882
SAOUHSC_03019	972	972	972
SAOUHSC_00699	13551	13551	13551
SAOUHSC_00391	243	243	243
SAOUHSC_01665	4478	4478	4478
SAOUHSC_01824	3524	3524	3524
SAOUHSC_00374	46863	46863	46863
SAOUHSC_00037	6417	6417	6417
SAOUHSC_01312	194	194	194
SAOUHSC_00200	2147	2147	2147
SAOUHSC_00064	645	645	645
SAOUHSC_00430	5244	5244	5244
SAOUHSC_00334	6203	6203	6203
SAOUHSC_00315	601	601	601
SAOUHSC_02002	220	220	220
SAOUHSC_02463	1446	1446	1446
SAOUHSC_00833	11058	11058	11058
SAOUHSC_00764	11188	11188	11188
SAOUHSC_02110	3944	3944	3944
SAOUHSC_02474	5045	5045	5045
SAOUHSC_01470	5775	5775	5775
rnpA	846	846	846
SAOUHSC_02133	16501	16501	16501
SAOUHSC_01061	13068	13068	13068
murG	14147	14147	14147
SAOUHSC_02322	1563	1563	1563
SAOUHSC_00836	234364	234364	234364
SAOUHSC_00933	29228	29228	29228
SAOUHSC_00613	7033	7033	7033
SAOUHSC_02092	74204	74204	74204
SAOUHSC_02623	20017	20017	20017
SAOUHSC_01974	76622	76622	76622
SAOUHSC_00663	26101	26101	26101
SAOUHSC_00055	570	550	570
SAOUHSC_00831	5693	5693	5693
SAOUHSC_02659	6712	6712	6712
SAOUHSC_02652	19928	19928	19928
rpsT	23375	23375	23375
SAOUHSC_02131	8062	8055	8062
SAOUHSC_02613	8752	8752	8752
SAOUHSC_02161	971	971	971
SAOUHSC_00950	2107	2107	2107
cmk	15524	15524	15524
SAOUHSC_02935	3933	3933	3933
SAOUHSC_01819	39402	39402	39402
SAOUHSC_00406	18593	18593	18593
SAOUHSC_01832	1528	1528	1528
SAOUHSC_01282	17034	17034	17034
SAOUHSC_01643	614	614	614
SAOUHSC_01206	2021	2021	2021
SAOUHSC_00891	73374	73374	73374
SAOUHSC_02401	117010	117010	117010
SAOUHSC_02685	84	84	84
SAOUHSC_02833	381	381	381
SAOUHSC_00296	4002	4002	4002
SAOUHSC_02897	872	872	872
SAOUHSC_01174	11506	11506	11506
SAOUHSC_01649	11146	11146	11146
SAOUHSC_01981	6104	6104	6104
SAOUHSC_01964	39292	39292	39292
SAOUHSC_00787	14973	14973	14973
SAOUHSC_01048	676	676	676
SAOUHSC_02793	28354	28354	28354
SAOUHSC_00156	22231	22231	22231
SAOUHSC_01661	2620	2620	2620
SAOUHSC_01019	1273	1273	1273
SAOUHSC_00407	6836	6836	6836
SAOUHSC_00648	43551	43551	43551
SAOUHSC_02747	7107	7107	7107
SAOUHSC_00305	1938	1938	1938
SAOUHSC_01831	7531	7531	7531
SAOUHSC_02867	2238	2238	2238
SAOUHSC_02531	482	482	482
SAOUHSC_02797	609	609	609
miaA	5865	5865	5865
SAOUHSC_00499	352059	352059	352059
SAOUHSC_01040	568790	568790	568790
SAOUHSC_02443	133043	133043	133043
SAOUHSC_00820	5735	5735	5735
SAOUHSC_01914	7228	7228	7228
SAOUHSC_02711	81	81	81
SAOUHSC_01358	29691	29691	29691
SAOUHSC_02135	5937	5937	5937
SAOUHSC_02994	8452	8452	8452
SAOUHSC_00584	11335	11335	11335
SAOUHSC_02096	29044	29044	29044
SAOUHSC_01326	11060	11060	11060
panC	15053	15053	15053
SAOUHSC_00629	482	482	482
SAOUHSC_00932	502	502	502
SAOUHSC_00426	488	488	488
SAOUHSC_02963	69223	68046	69223
rbfA	9814	9814	9814
SAOUHSC_01086	452	445	452
SAOUHSC_01379	749	749	749
SAOUHSC_01108	7818	7818	7818
engB	2828	2828	2828
SAOUHSC_00103	200	200	200
SAOUHSC_00644	14522	14522	14522
SAOUHSC_02996	854	854	854
SAOUHSC_02150	42685	42685	42685
SAOUHSC_00424	132	132	132
SAOUHSC_02902	741	741	741
SAOUHSC_01225	15338	15338	15338
SAOUHSC_00875	63131	63131	63131
SAOUHSC_02987	1341	1341	1341
SAOUHSC_01978	2973	2973	2973
SAOUHSC_02103	2914	2914	2914
SAOUHSC_02871	9055	9055	9055
SAOUHSC_00919	15409	15409	15409
SAOUHSC_02091	41009	41009	41009
SAOUHSC_02970	162	162	162
SAOUHSC_01455	52888	52888	52888
SAOUHSC_00138	147	147	147
SAOUHSC_01911	621	493	621
SAOUHSC_02825	368	368	368
SAOUHSC_00237	950	950	950
SAOUHSC_01371	408	408	408
SAOUHSC_02993	561	561	561
SAOUHSC_00475	7155	7155	7155
SAOUHSC_00638	8830	8830	8830
SAOUHSC_02980	13102	13102	13102
SAOUHSC_02661	1761	1761	1761
SAOUHSC_03012	196	196	196
SAOUHSC_00944	8436	8436	8436
SAOUHSC_02908	4917	4917	4917
SAOUHSC_03020	104	104	104
SAOUHSC_02915	3142	3142	3142
rpsQ	26073	26073	26073
SAOUHSC_00242	3961	3961	3961
SAOUHSC_03013	215	215	215
SAOUHSC_02370	12733	12733	12733
SAOUHSC_00565	8949	8949	8949
SAOUHSC_R00011	7	6	7
SAOUHSC_02675	4223	4223	4223
SAOUHSC_02551	2942	2942	2942
SAOUHSC_00904	26856	26856	26856
SAOUHSC_01966	13839	13839	13839
SAOUHSC_02834	12623	12623	12623
SAOUHSC_00617	37693	37693	37693
SAOUHSC_00342	4168	4168	4168
SAOUHSC_00564	8929	8929	8929
SAOUHSC_01384	427	427	427
SAOUHSC_00963	21799	21799	21799
SAOUHSC_02595	1236	1236	1236
SAOUHSC_00766	211	211	211
SAOUHSC_01283	5626	5626	5626
SAOUHSC_02143	22009	22009	22009
SAOUHSC_00893	21458	21458	21458
SAOUHSC_00708	31179	31179	31179
SAOUHSC_02921	4152	4152	4152
SAOUHSC_02697	30259	30259	30259
SAOUHSC_01882	22900	22900	22900
SAOUHSC_02375	25934	25934	25934
SAOUHSC_01433	32535	32535	32535
SAOUHSC_00716	4554	4553	4554
SAOUHSC_02428	4759	4759	4759
SAOUHSC_02997	672	672	672
SAOUHSC_00327	453	453	453
SAOUHSC_01594	32421	32421	32421
SAOUHSC_02901	646	646	646
SAOUHSC_00959	17041	17041	17041
SAOUHSC_02386	3880	3880	3880
SAOUHSC_02391	9801	9801	9801
SAOUHSC_00137	251	251	251
SAOUHSC_02881	19763	19763	19763
SAOUHSC_01782	17875	17875	17875
SAOUHSC_02158	54387	54387	54387
SAOUHSC_02596	786	786	786
SAOUHSC_01483	7781	7781	7781
SAOUHSC_00714	33214	33214	33214
SAOUHSC_00739	2136	2136	2136
SAOUHSC_01065	8783	8783	8783
SAOUHSC_00456	3853	3853	3853
SAOUHSC_00333	3736	3736	3736
SAOUHSC_02371	13793	13793	13793
SAOUHSC_00873	37497	37497	37497
SAOUHSC_01002	290845	290845	290845
SAOUHSC_01821	20794	20794	20794
moaC	9270	9270	9270
SAOUHSC_00500	204913	204913	204913
SAOUHSC_01039	22358	22358	22358
SAOUHSC_01677	44798	44798	44798
SAOUHSC_00776	10011	10011	10011
SAOUHSC_02427	3223	3223	3223
SAOUHSC_02300	23906	23906	23906
SAOUHSC_02111	3496	3496	3496
SAOUHSC_01746	68373	68373	68373
SAOUHSC_02693	317	317	317
SAOUHSC_00295	7735	7735	7735
SAOUHSC_00886	45774	45774	45774
SAOUHSC_01734	24395	24395	24395
SAOUHSC_00216	525	525	525
SAOUHSC_02969	147	147	147
SAOUHSC_00318	2801	2801	2801
SAOUHSC_01069	11518	11518	11518
SAOUHSC_00666	6994	6994	6994
rpsA	217409	217409	217409
SAOUHSC_01054	26638	26638	26638
SAOUHSC_01589	7037	7037	7037
SAOUHSC_01365	25455	25455	25455
SAOUHSC_02434	5969	5969	5969
gcvT	154123	154123	154123
sucC	643908	643908	643908
SAOUHSC_02101	1017	1017	1017
SAOUHSC_01127	110	110	110
SAOUHSC_02565	3504	3504	3504
SAOUHSC_00533	59539	59539	59539
SAOUHSC_02577	73897	73897	73897
rpsN_1	902	902	902
SAOUHSC_01463	57022	57022	57022
SAOUHSC_00696	14012	14012	14012
SAOUHSC_00731	24859	24859	24859
mobA	8214	8214	8214
SAOUHSC_02692	1707	1707	1707
SAOUHSC_02643	2139	2139	2139
SAOUHSC_A00354	20	20	20
SAOUHSC_03017	228	228	228
SAOUHSC_02859	31048	31048	31048
SAOUHSC_01797	60974	60974	60974
SAOUHSC_00481	6093	6093	6093
SAOUHSC_00113	1436	1436	1436
SAOUHSC_00338	1796	1796	1796
leuD	267	267	267
SAOUHSC_00771	10975	10975	10975
SAOUHSC_00643	11838	11838	11838
SAOUHSC_01375	4235	4235	4235
infA	20058	20058	20058
SAOUHSC_02557	448	448	448
SAOUHSC_A00992	1350	1330	1350
SAOUHSC_02269	13242	13242	13242
SAOUHSC_01694	15063	15063	15063
SAOUHSC_00622	124	124	124
SAOUHSC_00587	1073	1073	1073
SAOUHSC_02876	5570	5570	5570
SAOUHSC_02260	15796	15796	15796
SAOUHSC_01629	15035	15035	15035
SAOUHSC_02788	1863	1863	1863
SAOUHSC_01480	11237	11237	11237
SAOUHSC_01836	28306	28306	28306
SAOUHSC_02985	10295	10295	10295
SAOUHSC_01825	2621	2621	2621
guaA	63550	63550	63550
SAOUHSC_02134	6874	6874	6874
SAOUHSC_00331	469	469	469
SAOUHSC_01660	9141	9141	9141
SAOUHSC_00489	7061	7061	7061
SAOUHSC_00812	95413	95393	95413
SAOUHSC_00538	11232	11232	11232
SAOUHSC_02006	13869	13869	13869
SAOUHSC_01633	254027	254027	254027
SAOUHSC_01608	1274	1270	1274
SAOUHSC_02433	2725	2725	2725
SAOUHSC_01630	31158	31158	31158
SAOUHSC_00690	46053	46053	46053
SAOUHSC_00013	595	595	595
SAOUHSC_01041	442292	442292	442292
SAOUHSC_00002	33664	33664	33664
SAOUHSC_00190	2515	2515	2515
SAOUHSC_02544	5276	5276	5276
SAOUHSC_00952	18394	18394	18394
SAOUHSC_01980	3989	3989	3989
SAOUHSC_00423	211	211	211
SAOUHSC_00142	368	368	368
SAOUHSC_00906	135484	135484	135484
SAOUHSC_00964	3053	3053	3053
SAOUHSC_02000	22188	22188	22188
SAOUHSC_01348	8549	8549	8549
SAOUHSC_00450	5078	5078	5078
SAOUHSC_01904	240	240	240
SAOUHSC_00884	5242	5242	5242
tmk	4525	4525	4525
SAOUHSC_00337	3542	3542	3542
SAOUHSC_02736	6485	6485	6485
SAOUHSC_00214	82	82	82
SAOUHSC_02382	2006	2006	2006
SAOUHSC_00552	8835	8835	8835
SAOUHSC_00763	7855	7855	7855
ureE	2433	2433	2433
SAOUHSC_01870	15431	15431	15431
SAOUHSC_01001	483573	483573	483573
SAOUHSC_02765	623	623	623
SAOUHSC_02877	18043	18043	18043
SAOUHSC_01267	17572	17572	17572
rpsH	34863	34863	34863
SAOUHSC_00686	23594	23594	23594
SAOUHSC_01653	375513	375513	375513
SAOUHSC_01160	5653	5653	5653
SAOUHSC_00572	4886	4886	4886
SAOUHSC_00219	1279	1279	1279
SAOUHSC_01982	19422	19422	19422
gltD	1297	1297	1297
SAOUHSC_00029	4	4	4
SAOUHSC_01122	5	5	5
SAOUHSC_01833	2253	2253	2253
SAOUHSC_01490	639742	639742	639742
SAOUHSC_02941	523	523	523
coaD	8637	8637	8637
SAOUHSC_01125	103	103	103
SAOUHSC_00344	3545	3545	3545
SAOUHSC_01007	107303	107303	107303
SAOUHSC_02426	1713	1713	1713
SAOUHSC_01752	5468	5468	5468
SAOUHSC_01043	695530	695530	695530
SAOUHSC_00679	16025	16025	16025
SAOUHSC_00720	1916	1916	1916
SAOUHSC_01027	19942	19942	19942
SAOUHSC_00670	48265	48265	48265
SAOUHSC_01792	21181	21181	21181
SAOUHSC_00170	401	401	401
SAOUHSC_00817	309	309	309
acpS	7408	7408	7408
SAOUHSC_02376	41803	41803	41803
SAOUHSC_00758	3633	3633	3633
SAOUHSC_00167	661	661	661
SAOUHSC_00779	14676	14676	14676
hslU	53961	53961	53961
SAOUHSC_01042	650083	650083	650083
SAOUHSC_00756	16322	16322	16322
SAOUHSC_00281	346	346	346
SAOUHSC_00571	2992	2992	2992
SAOUHSC_02372	14759	14759	14759
SAOUHSC_02822	111222	111222	111222
SAOUHSC_01144	58064	58059	58064
murD	38514	38514	38514
SAOUHSC_00369	44837	44837	44837
nadE	15021	15021	15021
SAOUHSC_00317	15499	15499	15499
SAOUHSC_01924	39	39	39
SAOUHSC_01156	14065	14065	14065
SAOUHSC_02967	498	498	498
SAOUHSC_00652	16079	16079	16079
SAOUHSC_01053	3503	3503	3503
SAOUHSC_02716	43	43	43
SAOUHSC_02880	16667	16667	16667
SAOUHSC_02126	45456	45456	45456
SAOUHSC_01602	3468	3468	3468
SAOUHSC_02305	23673	23673	23673
SAOUHSC_02287	575	575	575
secY_1	137313	137313	137313
SAOUHSC_02406	15929	15929	15929
SAOUHSC_00542	15644	15644	15644
SAOUHSC_00444	46117	46117	46117
SAOUHSC_00604	56007	56007	56007
SAOUHSC_02137	28259	28259	28259
SAOUHSC_02321	1324	1324	1324
SAOUHSC_02823	5508	5508	5508
SAOUHSC_02407	22886	22886	22886
SAOUHSC_01787	11296	11296	11296
SAOUHSC_01255	10688	10688	10688
SAOUHSC_01000	162270	162270	162270
SAOUHSC_01871	20275	20275	20275
SAOUHSC_01903	486	486	486
rocD	255735	255735	255735
SAOUHSC_02516	18333	18333	18333
SAOUHSC_00911	792	792	792
SAOUHSC_00645	6610	6610	6610
SAOUHSC_01064	20186	20186	20186
SAOUHSC_01732	17420	17420	17420
SAOUHSC_00895	475380	475380	475380
SAOUHSC_02913	2791	2791	2791
SAOUHSC_01076	6397	6397	6397
SAOUHSC_02334	877	877	877
SAOUHSC_01693	1395	1395	1395
SAOUHSC_01139	2276	2276	2276
SAOUHSC_00184	2558	2558	2558
SAOUHSC_00942	24574	24574	24574
SAOUHSC_01989	10030	10030	10030
SAOUHSC_01034	5460	5460	5460
SAOUHSC_01720	35792	35792	35792
SAOUHSC_00217	697	697	697
SAOUHSC_00892	9032	9032	9032
SAOUHSC_02581	17247	17247	17247
SAOUHSC_00431	3533	3533	3533
SAOUHSC_02875	5481	5481	5481
SAOUHSC_02947	8843	8843	8843
recA	81213	81213	81213
SAOUHSC_00306	4133	4133	4133
SAOUHSC_00969	70	70	70
SAOUHSC_00581	2899	2899	2899
SAOUHSC_00951	88994	88994	88994
SAOUHSC_01488	9627	9588	9627
SAOUHSC_01420	9165	9165	9165
SAOUHSC_01874	4748	4748	4748
SAOUHSC_00909	20009	20009	20009
SAOUHSC_02591	5152	5152	5152
SAOUHSC_01827	112734	112734	112734
SAOUHSC_02927	491728	491728	491728
rpmJ	13675	13675	13675
SAOUHSC_02366	274038	274038	274038
SAOUHSC_T00034	653	653	653
SAOUHSC_01718	2506	2506	2506
SAOUHSC_01872	10957	10957	10957
SAOUHSC_00455	9049	9049	9049
glmU	96134	96134	96134
SAOUHSC_02982	49263	49263	49263
SAOUHSC_01382	211	211	211
SAOUHSC_01820	63494	63494	63494
SAOUHSC_02299	35774	35745	35774
SAOUHSC_01218	643192	643192	643192
SAOUHSC_02442	51846	51846	51846
SAOUHSC_01350	9721	9721	9721
SAOUHSC_01158	39979	39979	39979
SAOUHSC_00999	83424	83424	83424
SAOUHSC_02760	11958	11958	11958
SAOUHSC_00033	626	626	626
SAOUHSC_00573	56092	56092	56092
SAOUHSC_02983	13082	13082	13082
dnaA	34002	34002	34002
SAOUHSC_01204	32353	32353	32353
SAOUHSC_02112	2051	2051	2051
uhpT	2585	2585	2585
SAOUHSC_00502	7264	7264	7264
SAOUHSC_02844	36822	36822	36822
SAOUHSC_01949	1831	1831	1831
SAOUHSC_01625	71025	71025	71025
SAOUHSC_01807	55108	55108	55108
SAOUHSC_00009	48066	48066	48066
SAOUHSC_02527	27298	27298	27298
SAOUHSC_01441	4484	4444	4484
SAOUHSC_02922	32876	32876	32876
rplE	53492	53492	53492
SAOUHSC_01501	137117	137117	137117
SAOUHSC_00554	86649	86649	86649
SAOUHSC_01189	14480	14480	14480
SAOUHSC_00553	79006	79006	79006
SAOUHSC_01988	2946	2946	2946
SAOUHSC_00781	24241	24241	24241
SAOUHSC_01596	4040	4040	4040
SAOUHSC_01254	11922	11922	11922
SAOUHSC_01188	14957	14957	14957
rimM	1525	1525	1525
SAOUHSC_00457	1458	1458	1458
SAOUHSC_02712	505	505	505
SAOUHSC_00472	85128	85128	85128
SAOUHSC_02785	947	947	947
SAOUHSC_02535	782	774	782
SAOUHSC_01251	100611	100611	100611
SAOUHSC_00653	4632	4632	4632
SAOUHSC_01907	19059	19059	19059
SAOUHSC_01860	11044	11044	11044
SAOUHSC_02789	1337	1337	1337
SAOUHSC_02538	2677	2677	2677
SAOUHSC_01869	23282	23282	23282
SAOUHSC_01190	12470	12470	12470
SAOUHSC_02262	11515	11515	11515
SAOUHSC_01605	125171	125171	125171
SAOUHSC_00543	9621	9621	9621
SAOUHSC_01165	11382	11382	11382
SAOUHSC_01338	20506	20506	20506
SAOUHSC_01114	2494	2494	2494
SAOUHSC_00887	12701	12701	12701
SAOUHSC_01333	15696	15696	15696
SAOUHSC_02457	4416	4416	4416
SAOUHSC_00365	123344	123344	123344
SAOUHSC_00715	35709	35707	35709
SAOUHSC_01595	1332	1332	1332
SAOUHSC_01362	12636	12636	12636
SAOUHSC_02456	6170	6170	6170
SAOUHSC_02468	2742	2742	2742
SAOUHSC_02984	13412	13412	13412
SAOUHSC_00713	18857	18857	18857
SAOUHSC_02289	565	565	565
SAOUHSC_01741	10853	10853	10853
SAOUHSC_00488	66997	66997	66997
SAOUHSC_00877	10192	10192	10192
SAOUHSC_00935	41373	41373	41373
SAOUHSC_01427	21064	21064	21064
SAOUHSC_02896	355	355	355
SAOUHSC_00910	32160	32160	32160
SAOUHSC_01850	63282	63282	63282
SAOUHSC_01775	4159	4159	4159
SAOUHSC_00147	775	775	775
SAOUHSC_01955	104	104	104
SAOUHSC_00102	347	347	347
SAOUHSC_00661	2140	2140	2140
SAOUHSC_02727	13084	13084	13084
SAOUHSC_01817	2016	2016	2016
SAOUHSC_01259	10262	10262	10262
SAOUHSC_00757	38354	38354	38354
SAOUHSC_00724	1686	1686	1686
SAOUHSC_02704	2165	2165	2165
SAOUHSC_01828	7287	7287	7287
SAOUHSC_02964	1842	1842	1842
SAOUHSC_01890	4193	4193	4193
SAOUHSC_02723	10989	10989	10989
SAOUHSC_02579	12643	12643	12643
SAOUHSC_02142	22734	22734	22734
rplN	49343	49343	49343
SAOUHSC_02400	123408	123408	123408
SAOUHSC_02410	1524	0	1524
SAOUHSC_01233	2172	2172	2172
SAOUHSC_00640	11925	11925	11925
fumC	136253	136253	136253
SAOUHSC_00641	27265	27265	27265
SAOUHSC_T00040	1054	1054	1054
SAOUHSC_00819	47379	47379	47379
SAOUHSC_T00044	741	0	741
SAOUHSC_02095	38434	38434	38434
SAOUHSC_01341	2579	2579	2579
SAOUHSC_01895	27649	27649	27649
SAOUHSC_02679	81	81	81
SAOUHSC_02387	9386	9386	9386
SAOUHSC_00319	3809	3809	3809
SAOUHSC_01128	637	637	637
rplV	39393	39393	39393
cysS	16847	16847	16847
SAOUHSC_00301	6841	6841	6841
SAOUHSC_02441	442845	442845	442845
SAOUHSC_00461	64377	64377	64377
SAOUHSC_01632	311359	311359	311359
SAOUHSC_01257	7907	7907	7907
SAOUHSC_02998	196	196	196
SAOUHSC_00681	8879	8879	8879
SAOUHSC_00908	46738	46738	46738
SAOUHSC_00730	13864	13864	13864
SAOUHSC_01876	6130	6130	6130
SAOUHSC_01450	284	284	284
SAOUHSC_02152	8506	8506	8506
SAOUHSC_00085	1894	1894	1894
SAOUHSC_02907	1223	1223	1223
SAOUHSC_02943	1201	1201	1201
trmE	7414	7414	7414
SAOUHSC_02296	9963	9963	9963
SAOUHSC_00028	7	7	7
SAOUHSC_T00042	1839	0	1839
SAOUHSC_01423	10132	10132	10132
SAOUHSC_02869	862108	862108	862108
ruvA	9259	9259	9259
rplR	37946	37946	37946
secG	12946	12946	12946
SAOUHSC_00782	11012	11012	11012
SAOUHSC_01025	42414	42414	42414
SAOUHSC_01377	2188	2188	2188
SAOUHSC_01916	11675	11675	11675
SAOUHSC_01939	111	111	111
SAOUHSC_00139	632	632	632
SAOUHSC_02121	23634	23634	23634
SAOUHSC_01868	62705	62705	62705
SAOUHSC_03027	517	517	517
SAOUHSC_00414	21312	21312	21312
SAOUHSC_02136	3040	3040	3040
SAOUHSC_01692	8096	8096	8096
gidB	4150	4150	4150
SAOUHSC_01142	97139	97139	97139
SAOUHSC_01091	10547	10547	10547
SAOUHSC_02920	6801	6801	6801
SAOUHSC_00434	941	941	941
SAOUHSC_02422	10452	10452	10452
SAOUHSC_01192	16223	16223	16223
SAOUHSC_T00041	1886	1886	1886
SAOUHSC_01060	4673	4673	4673
SAOUHSC_00632	3907	3907	3907
SAOUHSC_00483	61997	61997	61997
SAOUHSC_01089	305	305	305
SAOUHSC_01610	18286	18286	18286
SAOUHSC_00536	48254	48250	48254
SAOUHSC_01316	1598	1598	1598
SAOUHSC_01178	14656	14656	14656
SAOUHSC_01346	51635	51635	51635
SAOUHSC_01095	7615	7615	7615
SAOUHSC_00171	2540	2540	2540
SAOUHSC_01803	109325	109325	109325
SAOUHSC_00865	27468	27468	27468
SAOUHSC_00608	2089	2089	2089
SAOUHSC_00980	17140	17140	17140
SAOUHSC_00372	701	701	701
SAOUHSC_01891	483	483	483
SAOUHSC_01434	31309	31309	31309
SAOUHSC_01055	24095	24095	24095
SAOUHSC_00712	14469	14469	14469
SAOUHSC_02611	31261	31261	31261
SAOUHSC_01497	10783	10783	10783
SAOUHSC_01815	37820	37820	37820
SAOUHSC_01599	91516	91516	91516
SAOUHSC_02274	12154	12154	12154
SAOUHSC_02467	1319	1319	1319
SAOUHSC_00031	1008	1006	1008
SAOUHSC_02542	9599	9599	9599
SAOUHSC_01852	14052	14052	14052
SAOUHSC_02525	35535	35535	35535
SAOUHSC_00020	25157	25157	25157
SAOUHSC_03052	14750	14750	14750
SAOUHSC_00866	30552	30552	30552
SAOUHSC_01194	18658	18658	18658
SAOUHSC_02097	60881	60881	60881
SAOUHSC_00734	1890	1890	1890
nrdR	12334	12334	12334
rpsS	44493	44493	44493
SAOUHSC_01274	2423	2423	2423
SAOUHSC_00655	27328	27328	27328
SAOUHSC_02725	11358	11358	11358
SAOUHSC_02674	428	428	428
pgk	112631	112631	112631
SAOUHSC_01253	60426	60426	60426
SAOUHSC_00846	7347	7347	7347
rplX	37984	37984	37984
SAOUHSC_01281	2906	2906	2906
SAOUHSC_01028	82682	82682	82682
rpsC	85014	85014	85014
tgt	51867	51867	51867
SAOUHSC_00307	5048	5047	5048
SAOUHSC_00539	7498	7498	7498
SAOUHSC_02564	3714	3714	3714
SAOUHSC_02999	151	151	151
SAOUHSC_00958	24452	24452	24452
hisH	127	127	127
SAOUHSC_00785	44694	44694	44694
SAOUHSC_02355	52255	52255	52255
SAOUHSC_02369	25203	25203	25203
SAOUHSC_01352	33251	33251	33251
SAOUHSC_02297	38949	38949	38949
SAOUHSC_00721	2062	2062	2062
SAOUHSC_01727	14905	14905	14905
SAOUHSC_00879	31731	31731	31731
SAOUHSC_T00026	3934	3917	3934
SAOUHSC_00736	14571	14571	14571
rho	79782	79782	79782
SAOUHSC_00364	261917	261917	261917
rplP	63605	63605	63605
SAOUHSC_02346	88494	88494	88494
SAOUHSC_00346	23078	23078	23078
rplD	78495	78495	78495
SAOUHSC_T00045	1426	1	1426
SAOUHSC_00373	2485	2485	2485
SAOUHSC_00541	4552	4552	4552
SAOUHSC_00947	75119	75119	75119
SAOUHSC_00694	100463	100463	100463
SAOUHSC_02517	23885	23885	23885
SAOUHSC_01873	2675	2675	2675
SAOUHSC_00189	34	34	34
SAOUHSC_01079	397	397	397
SAOUHSC_00985	121129	121129	121129
SAOUHSC_02139	13041	13041	13041
cbiO_2	5348	5348	5348
SAOUHSC_T00024	1821	4	1821
SAOUHSC_02755	20265	20265	20265
SAOUHSC_02887	309035	309035	309035
SAOUHSC_01258	18398	18398	18398
SAOUHSC_02680	373	373	373
rpsN_2	21273	21273	21273
SAOUHSC_00490	4660	4660	4660
ppnK	40709	40709	40709
SAOUHSC_03009	239	239	239
SAOUHSC_00984	11358	11358	11358
SAOUHSC_01354	25831	25831	25831
SAOUHSC_00057	3562	3562	3562
SAOUHSC_02423	27879	27879	27879
SAOUHSC_00719	4515	4515	4515
SAOUHSC_01476	4046	4046	4046
sucA	577351	577351	577351
SAOUHSC_02582	138940	138940	138940
SAOUHSC_02536	20571	20571	20571
SAOUHSC_02770	321	321	321
SAOUHSC_00953	35635	35635	35635
SAOUHSC_02957	4835	4835	4835
SAOUHSC_T00015	1478	1478	1478
SAOUHSC_00795	284330	284330	284330
deoD	134069	134069	134069
SAOUHSC_02140	71476	71476	71476
SAOUHSC_02004	8625	8625	8625
SAOUHSC_00907	3593	3593	3593
SAOUHSC_00427	41212	41212	41212
SAOUHSC_00861	73686	73686	73686
SAOUHSC_00970	141	141	141
SAOUHSC_00859	8279	8279	8279
SAOUHSC_00996	6392	6392	6392
ureB	1358	1358	1358
SAOUHSC_T00029	133	0	133
SAOUHSC_02114	13039	13039	13039
SAOUHSC_02683	213	213	213
SAOUHSC_00294	10126	10126	10126
SAOUHSC_02363	52256	52256	52256
SAOUHSC_01454	18930	18930	18930
rpsE	59892	59892	59892
SAOUHSC_01499	12202	12202	12202
SAOUHSC_01330	1152	1152	1152
SAOUHSC_00575	70672	70672	70672
SAOUHSC_00600	961	960	961
nsaR	10383	10383	10383
SAOUHSC_00695	2798	2798	2798
SAOUHSC_00659	35585	35585	35585
fabZ	16305	16305	16305
SAOUHSC_00141	5526	5526	5526
frr	55399	55399	55399
rplF	49870	49870	49870
xseA	25803	25803	25803
SAOUHSC_01107	9278	9278	9278
SAOUHSC_01858	11614	11614	11614
SAOUHSC_01473	10162	10162	10162
SAOUHSC_01814	72247	72247	72247
SAOUHSC_00847	64256	64256	64256
SAOUHSC_00792	13560	13560	13560
SAOUHSC_01443	1492	1492	1492
SAOUHSC_01411	1956	1956	1956
SAOUHSC_00890	3817	3817	3817
SAOUHSC_00019	10524	10524	10524
SAOUHSC_01796	19824	19824	19824
SAOUHSC_00534	20818	20818	20818
SAOUHSC_01148	50236	50236	50236
SAOUHSC_01801	154220	154220	154220
SAOUHSC_02130	4452	4446	4452
SAOUHSC_01769	3642	3642	3642
SAOUHSC_01685	14552	14552	14552
SAOUHSC_00435	905	905	905
SAOUHSC_01448	481	481	481
rpsF	38352	38352	38352
SAOUHSC_01724	3277	3277	3277
SAOUHSC_00468	45355	45355	45355
rpmG_2	15045	15045	15045
recR	56620	56620	56620
SAOUHSC_01261	12653	12653	12653
SAOUHSC_00442	32757	32757	32757
pyrH	55158	55158	55158
SAOUHSC_01894	1072	1072	1072
SAOUHSC_01289	4	4	4
SAOUHSC_02796	8	8	8
SAOUHSC_00032	0	0	0
SAOUHSC_00212	0	0	0
SAOUHSC_00609	0	0	0
SAOUHSC_00745	0	0	0
SAOUHSC_01325	0	0	0
SAOUHSC_01494	0	0	0
SAOUHSC_01500	0	0	0
SAOUHSC_01514	0	0	0
SAOUHSC_01515	0	0	0
SAOUHSC_01516	0	0	0
SAOUHSC_01517	0	0	0
SAOUHSC_01518	0	0	0
SAOUHSC_01519	0	0	0
SAOUHSC_01520	0	0	0
SAOUHSC_01521	0	0	0
SAOUHSC_01522	0	0	0
SAOUHSC_01523	0	0	0
SAOUHSC_01524	0	0	0
SAOUHSC_01525	0	0	0
SAOUHSC_01526	0	0	0
SAOUHSC_01527	0	0	0
SAOUHSC_01528	0	0	0
SAOUHSC_01529	0	0	0
SAOUHSC_01530	0	0	0
SAOUHSC_01531	0	0	0
SAOUHSC_01532	0	0	0
SAOUHSC_01533	0	0	0
SAOUHSC_01535	0	0	0
SAOUHSC_01536	0	0	0
SAOUHSC_01537	0	0	0
SAOUHSC_01538	0	0	0
SAOUHSC_01539	0	0	0
SAOUHSC_01540	0	0	0
SAOUHSC_01541	0	0	0
SAOUHSC_01542	0	0	0
SAOUHSC_01543	0	0	0
SAOUHSC_01544	0	0	0
SAOUHSC_01545	0	0	0
SAOUHSC_01546	0	0	0
SAOUHSC_01547	0	0	0
SAOUHSC_01548	0	0	0
SAOUHSC_01549	0	0	0
SAOUHSC_01550	0	0	0
SAOUHSC_01551	0	0	0
SAOUHSC_01552	0	0	0
SAOUHSC_01553	0	0	0
SAOUHSC_01555	0	0	0
SAOUHSC_01556	0	0	0
SAOUHSC_01557	0	0	0
SAOUHSC_01558	0	0	0
SAOUHSC_01559	0	0	0
SAOUHSC_01560	0	0	0
SAOUHSC_01561	0	0	0
SAOUHSC_01562	0	0	0
SAOUHSC_01563	0	0	0
SAOUHSC_01565	0	0	0
SAOUHSC_01566	0	0	0
SAOUHSC_01567	0	0	0
SAOUHSC_01568	0	0	0
SAOUHSC_01569	0	0	0
SAOUHSC_01570	0	0	0
SAOUHSC_01571	0	0	0
SAOUHSC_01572	0	0	0
SAOUHSC_01573	0	0	0
SAOUHSC_01574	0	0	0
SAOUHSC_01575	0	0	0
SAOUHSC_01576	0	0	0
SAOUHSC_01577	0	0	0
SAOUHSC_01578	0	0	0
SAOUHSC_01579	0	0	0
SAOUHSC_01580	0	0	0
SAOUHSC_01582	0	0	0
SAOUHSC_01636	0	0	0
SAOUHSC_01851	0	0	0
SAOUHSC_02015	0	0	0
SAOUHSC_02016	0	0	0
SAOUHSC_02017	0	0	0
SAOUHSC_02018	0	0	0
SAOUHSC_02019	0	0	0
SAOUHSC_02020	0	0	0
SAOUHSC_02021	0	0	0
SAOUHSC_02022	0	0	0
SAOUHSC_02023	0	0	0
SAOUHSC_02025	0	0	0
SAOUHSC_02026	0	0	0
SAOUHSC_02027	0	0	0
SAOUHSC_02028	0	0	0
SAOUHSC_02029	0	0	0
SAOUHSC_02030	0	0	0
SAOUHSC_02031	0	0	0
SAOUHSC_02033	0	0	0
SAOUHSC_02034	0	0	0
SAOUHSC_02035	0	0	0
SAOUHSC_02036	0	0	0
SAOUHSC_02037	0	0	0
SAOUHSC_02038	0	0	0
SAOUHSC_02040	0	0	0
SAOUHSC_02041	0	0	0
SAOUHSC_02042	0	0	0
SAOUHSC_02043	0	0	0
SAOUHSC_02044	0	0	0
SAOUHSC_02046	0	0	0
SAOUHSC_02047	0	0	0
SAOUHSC_02048	0	0	0
SAOUHSC_02049	0	0	0
SAOUHSC_02050	0	0	0
SAOUHSC_02051	0	0	0
SAOUHSC_02052	0	0	0
SAOUHSC_02053	0	0	0
SAOUHSC_02054	0	0	0
SAOUHSC_02055	0	0	0
SAOUHSC_02056	0	0	0
SAOUHSC_02057	0	0	0
SAOUHSC_02058	0	0	0
SAOUHSC_02059	0	0	0
SAOUHSC_02060	0	0	0
SAOUHSC_02061	0	0	0
SAOUHSC_02062	0	0	0
SAOUHSC_02063	0	0	0
SAOUHSC_02064	0	0	0
SAOUHSC_02065	0	0	0
SAOUHSC_02066	0	0	0
SAOUHSC_02067	0	0	0
SAOUHSC_02068	0	0	0
SAOUHSC_02070	0	0	0
SAOUHSC_02071	0	0	0
SAOUHSC_02072	0	0	0
SAOUHSC_02073	0	0	0
SAOUHSC_02074	0	0	0
SAOUHSC_02075	0	0	0
SAOUHSC_02076	0	0	0
SAOUHSC_02077	0	0	0
SAOUHSC_02078	0	0	0
SAOUHSC_02079	0	0	0
SAOUHSC_02080	0	0	0
SAOUHSC_02081	0	0	0
SAOUHSC_02083	0	0	0
SAOUHSC_02084	0	0	0
SAOUHSC_02085	0	0	0
SAOUHSC_02086	0	0	0
SAOUHSC_02087	0	0	0
SAOUHSC_02088	0	0	0
SAOUHSC_02089	0	0	0
SAOUHSC_02164	0	0	0
SAOUHSC_02166	0	0	0
SAOUHSC_02167	0	0	0
SAOUHSC_02169	0	0	0
SAOUHSC_02170	0	0	0
SAOUHSC_02171	0	0	0
SAOUHSC_02173	0	0	0
SAOUHSC_02174	0	0	0
SAOUHSC_02177	0	0	0
SAOUHSC_02178	0	0	0
SAOUHSC_02179	0	0	0
SAOUHSC_02180	0	0	0
SAOUHSC_02181	0	0	0
SAOUHSC_02182	0	0	0
SAOUHSC_02183	0	0	0
SAOUHSC_02184	0	0	0
SAOUHSC_02185	0	0	0
SAOUHSC_02186	0	0	0
SAOUHSC_02187	0	0	0
SAOUHSC_02188	0	0	0
SAOUHSC_02189	0	0	0
SAOUHSC_02190	0	0	0
SAOUHSC_02191	0	0	0
SAOUHSC_02193	0	0	0
SAOUHSC_02194	0	0	0
SAOUHSC_02195	0	0	0
SAOUHSC_02196	0	0	0
SAOUHSC_02197	0	0	0
SAOUHSC_02198	0	0	0
SAOUHSC_02199	0	0	0
SAOUHSC_02200	0	0	0
SAOUHSC_02202	0	0	0
SAOUHSC_02203	0	0	0
SAOUHSC_02204	0	0	0
SAOUHSC_02205	0	0	0
SAOUHSC_02206	0	0	0
SAOUHSC_02207	0	0	0
SAOUHSC_02208	0	0	0
SAOUHSC_02209	0	0	0
SAOUHSC_02210	0	0	0
SAOUHSC_02211	0	0	0
SAOUHSC_02212	0	0	0
SAOUHSC_02213	0	0	0
SAOUHSC_02214	0	0	0
SAOUHSC_02215	0	0	0
SAOUHSC_02216	0	0	0
SAOUHSC_02217	0	0	0
SAOUHSC_02218	0	0	0
SAOUHSC_02219	0	0	0
SAOUHSC_02220	0	0	0
SAOUHSC_02221	0	0	0
SAOUHSC_02222	0	0	0
SAOUHSC_02223	0	0	0
SAOUHSC_02224	0	0	0
SAOUHSC_02225	0	0	0
SAOUHSC_02226	0	0	0
SAOUHSC_02227	0	0	0
SAOUHSC_02228	0	0	0
SAOUHSC_02229	0	0	0
SAOUHSC_02232	0	0	0
SAOUHSC_02233	0	0	0
SAOUHSC_02234	0	0	0
SAOUHSC_02235	0	0	0
SAOUHSC_02236	0	0	0
SAOUHSC_02237	0	0	0
SAOUHSC_02238	0	0	0
SAOUHSC_02239	0	0	0
SAOUHSC_02734	0	0	0
SAOUHSC_02934	0	0	0
SAOUHSC_A01514	0	0	0
SAOUHSC_01859	13814	13814	13814
SAOUHSC_02874	5362	5362	5362
rpmE2	44715	44715	44715
SAOUHSC_02013	47314	47314	47314
murB	16809	16809	16809
SAOUHSC_00014	18661	18661	18661
SAOUHSC_01145	92767	92762	92767
hemA	61217	61217	61217
hemE	13766	13766	13766
argJ	1256	1256	1256
SAOUHSC_01834	233	231	233
gltX	35325	35325	35325
SAOUHSC_00160	15591	15591	15591
SAOUHSC_01743	10811	10811	10811
adk	72270	72270	72270
SAOUHSC_02824	601	601	601
ubiE	24256	24256	24256
rpmB	170886	170886	170886
SAOUHSC_01472	21383	21383	21383
SAOUHSC_01047	437	437	437
SAOUHSC_02762	2269	2269	2269
SAOUHSC_00507	33156	33156	33156
SAOUHSC_00035	916	916	916
SAOUHSC_00054	492	447	492
SAOUHSC_01370	108	108	108
SAOUHSC_00654	7344	7344	7344
SAOUHSC_01078	27147	27147	27147
ileS	96714	96714	96714
SAOUHSC_02396	16622	16622	16622
SAOUHSC_02965	3586	3586	3586
ureC	5820	5820	5820
SAOUHSC_00058	3627	3627	3627
SAOUHSC_02592	3768	3768	3768
SAOUHSC_00172	1321	1321	1321
SAOUHSC_00882	659	659	659
SAOUHSC_02138	6312	6312	6312
SAOUHSC_00071	12288	12288	12288
SAOUHSC_01347	391940	391940	391940
SAOUHSC_01938	142	126	142
SAOUHSC_00231	3753	3753	3753
SAOUHSC_02154	10625	10625	10625
SAOUHSC_01586	48600	48600	48600
SAOUHSC_02504	20290	20290	20290
SAOUHSC_00876	6198	6198	6198
clpX	126616	126616	126616
SAOUHSC_02942	2165	2165	2165
SAOUHSC_02753	11648	11648	11648
clpP	75219	75219	75219
ndk	81808	81808	81808
secE	7568	7568	7568
SAOUHSC_02904	272	272	272
SAOUHSC_00966	523	523	523
SAOUHSC_01600	16060	16060	16060
rpsO	80806	80806	80806
glyA	145677	145677	145677
SAOUHSC_00158	25450	25450	25450
SAOUHSC_02708	1392	1392	1392
obgE	26632	26632	26632
murC	42156	42156	42156
SAOUHSC_01993	1533	0	1533
SAOUHSC_01772	22428	22428	22428
SAOUHSC_00467	14527	14527	14527
SAOUHSC_01622	7107	7107	7107
SAOUHSC_00975	2930	2930	2930
SAOUHSC_00514	9506	9506	9506
SAOUHSC_00433	4318	4318	4318
SAOUHSC_00215	59	59	59
SAOUHSC_02379	93958	70803	93958
SAOUHSC_01481	11806	11806	11806
SAOUHSC_00512	5973	5973	5973
mraW	166436	166436	166436
lysS	86385	86385	86385
SAOUHSC_T0002	714	0	714
rplO	46245	46245	46245
SAOUHSC_01477	179762	179762	179762
SAOUHSC_01866	26273	26273	26273
SAOUHSC_01149	189683	189683	189683
SAOUHSC_00473	22487	22487	22487
rpsR	24451	24451	24451
SAOUHSC_00309	22297	22297	22297
SAOUHSC_02485	94643	94643	94643
SAOUHSC_00656	18893	18893	18893
SAOUHSC_01759	14259	14259	14259
rpmD	18879	18879	18879
SAOUHSC_00230	9965	9965	9965
SAOUHSC_01915	7699	7699	7699
recF	33385	33385	33385
rplB	140835	140835	140835
SAOUHSC_01705	361	361	361
SAOUHSC_00003	10454	10454	10454
SAOUHSC_00968	131	131	131
SAOUHSC_00751	6444	6444	6444
SAOUHSC_01106	15569	15569	15569
SAOUHSC_01391	46963	46963	46963
SAOUHSC_02604	41642	41642	41642
SAOUHSC_01855	157413	157413	157413
SAOUHSC_01392	36118	36118	36118
SAOUHSC_01592	11874	11874	11874
SAOUHSC_00090	277	277	277
sdhB	155997	155997	155997
SAOUHSC_00788	29311	29311	29311
SAOUHSC_T00039	2040	0	2040
SAOUHSC_01118	3594	3453	3594
SAOUHSC_00401	2456	2456	2456
SAOUHSC_02005	2363	2363	2363
SAOUHSC_00723	3083	3083	3083
hisG	49	49	49
SAOUHSC_01861	19961	19961	19961
SAOUHSC_01416	267067	267067	267067
SAOUHSC_01100	65350	65350	65350
cbiO_1	8732	8732	8732
SAOUHSC_00211	5557	5557	5557
SAOUHSC_01673	23199	23199	23199
SAOUHSC_00786	31105	25041	31105
SAOUHSC_02285	475	475	475
ddl	46147	46147	46147
SAOUHSC_00418	36	36	36
SAOUHSC_01378	907	907	907
SAOUHSC_00930	131	131	131
SAOUHSC_00412	53058	53058	53058
hslO	12855	12855	12855
SAOUHSC_00408	8034	8034	8034
SAOUHSC_00390	133	133	133
SAOUHSC_00783	7132	7132	7132
SAOUHSC_02852	3649	3649	3649
SAOUHSC_03025	2313	2313	2313
SAOUHSC_01969	36885	36885	36885
SAOUHSC_02317	53525	53525	53525
SAOUHSC_00982	5701	5701	5701
SAOUHSC_01806	146292	146292	146292
SAOUHSC_T00038	2003	0	2003
SAOUHSC_02894	757	757	757
SAOUHSC_01223	26429	26429	26429
murQ	13845	13845	13845
SAOUHSC_00398	4891	4890	4891
SAOUHSC_01237	10233	10233	10233
SAOUHSC_02724	8140	8140	8140
SAOUHSC_02270	221	221	221
SAOUHSC_01619	5142	5142	5142
SAOUHSC_00308	4400	4399	4400
SAOUHSC_02860	199251	199251	199251
tpx	94051	94051	94051
SAOUHSC_02945	3949	3949	3949
SAOUHSC_02580	19953	19953	19953
sdhA	271989	271989	271989
SAOUHSC_01408	35206	35206	35206
SAOUHSC_00024	7734	7734	7734
SAOUHSC_02377	171629	171629	171629
SAOUHSC_02481	6680	6680	6680
SAOUHSC_02638	8558	8558	8558
SAOUHSC_02772	10189	10189	10189
SAOUHSC_00349	51625	51625	51625
SAOUHSC_T00023	1729	1405	1729
SAOUHSC_02106	17384	17384	17384
SAOUHSC_01376	4046	4046	4046
trpA	616	616	616
SAOUHSC_01913	1918	1918	1918
SAOUHSC_02895	1138	1138	1138
SAOUHSC_01867	35550	35550	35550
SAOUHSC_01263	166910	166910	166910
eutD	96705	96705	96705
SAOUHSC_01032	1155	1155	1155
SAOUHSC_02682	1066	1066	1066
SAOUHSC_00762	5913	5913	5913
SAOUHSC_01071	17578	17578	17578
greA	21895	21895	21895
SAOUHSC_01437	20136	20136	20136
SAOUHSC_01676	102347	102347	102347
SAOUHSC_02668	1355	1355	1355
SAOUHSC_T00043	1819	0	1819
SAOUHSC_02900	52998	52998	52998
SAOUHSC_01256	12946	12946	12946
rplW	29886	29886	29886
SAOUHSC_01973	39825	39825	39825
SAOUHSC_02684	774	774	774
alaS	52926	52926	52926
SAOUHSC_00459	3505	3505	3505
SAOUHSC_01401	13457	13457	13457
rpsM	48952	48952	48952
SAOUHSC_00798	202129	202129	202129
SAOUHSC_01687	15491	9279	15491
SAOUHSC_01323	20879	20879	20879
SAOUHSC_01505	11780	11780	11780
SAOUHSC_00647	41276	41276	41276
prfC	24419	24419	24419
SAOUHSC_00526	28636	28636	28636
SAOUHSC_01374	57391	57391	57391
SAOUHSC_02319	24453	24453	24453
SAOUHSC_T0004	5298	1309	5298
uvrA	47293	47293	47293
SAOUHSC_02898	1793	1793	1793
SAOUHSC_00660	17276	17276	17276
SAOUHSC_01771	45088	45088	45088
SAOUHSC_01901	52049	52049	52049
SAOUHSC_02667	38596	38596	38596
SAOUHSC_01893	1398	1398	1398
SAOUHSC_02298	100365	100321	100365
upp	53830	53830	53830
SAOUHSC_01675	86609	86609	86609
SAOUHSC_00858	11518	11518	11518
SAOUHSC_01222	44018	44018	44018
SAOUHSC_00848	101180	101180	101180
SAOUHSC_02385	14656	14655	14656
hisS	13937	13937	13937
SAOUHSC_00091	235	235	235
SAOUHSC_02469	17	17	17
SAOUHSC_01502	11422	11422	11422
SAOUHSC_02802	1567	1551	1567
SAOUHSC_00633	12637	12637	12637
SAOUHSC_01932	5101	5100	5101
SAOUHSC_02337	51106	51106	51106
SAOUHSC_00811	1782	1782	1782
SAOUHSC_02899	19119	19119	19119
SAOUHSC_00209	4123	4122	4123
hemH	12943	12943	12943
SAOUHSC_02261	46407	46407	46407
SAOUHSC_00339	619	618	619
SAOUHSC_00352	147	147	147
SAOUHSC_01447	12864	12864	12864
SAOUHSC_01813	16813	16813	16813
SAOUHSC_01486	41141	41141	41141
SAOUHSC_01351	30695	30695	30695
SAOUHSC_01811	35987	35987	35987
SAOUHSC_01284	8459	8459	8459
SAOUHSC_02764	801	801	801
SAOUHSC_00417	9443	9443	9443
SAOUHSC_00839	1970	1970	1970
SAOUHSC_01726	17136	17136	17136
SAOUHSC_T00047	810	810	810
SAOUHSC_02979	64617	64617	64617
SAOUHSC_01130	3191	3191	3191
rpsD	91255	91255	91255
SAOUHSC_00722	1409	1409	1409
SAOUHSC_01680	6285	6285	6285
SAOUHSC_00983	17475	17475	17475
SAOUHSC_00223	12745	12745	12745
SAOUHSC_01701	11299	11299	11299
SAOUHSC_00789	24455	24455	24455
SAOUHSC_T0001	717	0	717
SAOUHSC_01672	12243	12243	12243
SAOUHSC_00015	86517	86517	86517
acpP	117430	117430	117430
rplS	66906	66906	66906
SAOUHSC_00735	980	972	980
SAOUHSC_01935	234	216	234
SAOUHSC_00513	11015	11015	11015
asnC	122647	122647	122647
SAOUHSC_00981	417	417	417
SAOUHSC_00206	1111	1111	1111
rplI	28387	28387	28387
SAOUHSC_00320	2233	2233	2233
SAOUHSC_01436	10231	10231	10231
SAOUHSC_02486	43936	43936	43936
SAOUHSC_02352	106652	106652	106652
SAOUHSC_02357	6140	6140	6140
SAOUHSC_01816	24739	24739	24739
SAOUHSC_02540	5324	5324	5324
SAOUHSC_01695	15956	15956	15956
SAOUHSC_02763	812	812	812
SAOUHSC_02268	22502	22502	22502
SAOUHSC_02671	673	673	673
SAOUHSC_01098	14987	14987	14987
SAOUHSC_00469	60375	60375	60375
pyrB	7154	7154	7154
SAOUHSC_00039	9377	9365	9377
SAOUHSC_01702	11350	11350	11350
SAOUHSC_02448	8601	8601	8601
SAOUHSC_01598	7389	7389	7389
SAOUHSC_01504	3535	3535	3535
SAOUHSC_00036	1690	1690	1690
SAOUHSC_01373	43660	43660	43660
argS	16224	16224	16224
gpsA	31588	31588	31588
SAOUHSC_00491	9853	9853	9853
SAOUHSC_00034	296	296	296
SAOUHSC_00021	49495	49495	49495
tpiA	108946	108946	108946
SAOUHSC_00504	16806	16806	16806
SAOUHSC_00109	46	46	46
rplQ	30978	30978	30978
rpsP	13547	13547	13547
SAOUHSC_00413	138707	138707	138707
SAOUHSC_01438	5226	5226	5226
SAOUHSC_01321	1822	1822	1822
SAOUHSC_T00051	4143	3735	4143
SAOUHSC_00710	27688	27688	27688
pyrE	2970	2970	2970
SAOUHSC_00510	7122	7122	7122
SAOUHSC_02257	8560	8560	8560
SAOUHSC_01936	161	161	161
SAOUHSC_01664	11377	11377	11377
SAOUHSC_01909	16154	16154	16154
rpmA	43979	43979	43979
SAOUHSC_02782	162	162	162
SAOUHSC_01614	37616	37616	37616
rplC	97749	97749	97749
SAOUHSC_00462	26232	26232	26232
SAOUHSC_01415	24534	24534	24534
SAOUHSC_01035	144968	144968	144968
SAOUHSC_00474	112768	112768	112768
SAOUHSC_01626	32417	32417	32417
SAOUHSC_01723	17554	17554	17554
SAOUHSC_01878	5483	5483	5483
SAOUHSC_T00059	160	0	160
SAOUHSC_00770	15	15	15
SAOUHSC_01715	17120	17120	17120
SAOUHSC_01266	41016	41016	41016
SAOUHSC_00485	10462	10462	10462
SAOUHSC_01074	5403	5403	5403
aspS	33217	33217	33217
ispD	29235	29235	29235
SAOUHSC_01933	11854	10793	11854
SAOUHSC_01912	4092	4092	4092
SAOUHSC_02282	378	378	378
SAOUHSC_00012	182	182	182
SAOUHSC_00946	15968	15968	15968
SAOUHSC_02849	54996	54996	54996
rpmG_1	14833	14833	14833
SAOUHSC_01320	1239	1239	1239
SAOUHSC_00945	10670	10670	10670
SAOUHSC_01944	140	140	140
SAOUHSC_01475	11879	11879	11879
SAOUHSC_03034	1276	1276	1276
SAOUHSC_01248	7751	7751	7751
SAOUHSC_01252	72251	72251	72251
SAOUHSC_01766	41264	41264	41264
SAOUHSC_01756	37080	37080	37080
SAOUHSC_01029	457920	457920	457920
valS	85802	85802	85802
truA	11749	11749	11749
SAOUHSC_02512a	60107	60107	60107
trmD	3264	3264	3264
SAOUHSC_01742	34844	34844	34844
SAOUHSC_01624	16318	16318	16318
SAOUHSC_00937	65049	65049	65049
SAOUHSC_01588	7288	7288	7288
SAOUHSC_00415	849	849	849
SAOUHSC_00905	39824	39824	39824
rplL	44236	44236	44236
leuS	59964	59964	59964
SAOUHSC_00018	55783	55783	55783
SAOUHSC_T00013	1589	0	1589
SAOUHSC_02102	38017	38017	38017
SAOUHSC_00123	2066	2066	2066
SAOUHSC_02906	2848	2848	2848
SAOUHSC_01265	13083	13083	13083
SAOUHSC_01662	37829	37829	37829
SAOUHSC_00234	11634	11634	11634
SAOUHSC_02267	14312	14312	14312
SAOUHSC_02155	6157	6157	6157
SAOUHSC_00917	914	914	914
SAOUHSC_01791	19919	19919	19919
SAOUHSC_02122	28885	28885	28885
SAOUHSC_01070	7664	7664	7664
SAOUHSC_02416	6	6	6
SAOUHSC_01812	19555	19555	19555
SAOUHSC_02978	44567	44567	44567
SAOUHSC_00860	23293	23293	23293
SAOUHSC_00802	10528	10528	10528
SAOUHSC_02356	2817	2817	2817
SAOUHSC_02244	10196	10196	10196
eno	664638	664638	664638
SAOUHSC_02850	13274	13274	13274
SAOUHSC_02784	1075	1075	1075
SAOUHSC_00228	87692	87692	87692
SAOUHSC_02286	420	420	420
SAOUHSC_02280	1700	1699	1700
SAOUHSC_00558	2129	2129	2129
SAOUHSC_00530	1577356	1577356	1577356
nsaS	9408	9408	9408
SAOUHSC_01193	89584	89584	89584
glmM	51446	51446	51446
SAOUHSC_01699	12454	12454	12454
SAOUHSC_00598	342	342	342
SAOUHSC_00628	11038	11038	11038
SAOUHSC_02331	1170	1170	1170
SAOUHSC_01175	25606	25606	25606
SAOUHSC_01337	198982	198982	198982
SAOUHSC_01583	8674	8674	8674
SAOUHSC_01322	1583	1583	1583
SAOUHSC_01087	331	313	331
SAOUHSC_03021	114	114	114
SAOUHSC_00188	1963	1963	1963
SAOUHSC_02350	137616	137616	137616
SAOUHSC_01383	34090	34090	34090
SAOUHSC_00416	8226	8226	8226
rpsI	93001	93001	93001
secA	81942	81942	81942
SAOUHSC_01022	2582	2582	2582
SAOUHSC_00246	1801	1801	1801
SAOUHSC_01058	36676	36676	36676
SAOUHSC_01679	28331	28331	28331
SAOUHSC_00834	25307	25307	25307
SAOUHSC_03008	729	729	729
SAOUHSC_01045	815	815	815
uvrC	10112	10112	10112
pgi	169420	169420	169420
SAOUHSC_01179	35367	35367	35367
SAOUHSC_01826	10	10	10
SAOUHSC_00627	2056	2056	2056
SAOUHSC_01021	7611	7611	7611
SAOUHSC_00208	259	257	259
SAOUHSC_02706	5933	5933	5933
SAOUHSC_01854	81519	81519	81519
SAOUHSC_00658	10398	10398	10398
SAOUHSC_00400	1762	1762	1762
SAOUHSC_00580	793	793	793
SAOUHSC_00191	565	565	565
SAOUHSC_02349	64156	64156	64156
SAOUHSC_01730	17294	17294	17294
SAOUHSC_01670	11775	11775	11775
SAOUHSC_T00058	1770	596	1770
SAOUHSC_01249	26264	26264	26264
SAOUHSC_02836	7944	7944	7944
SAOUHSC_02124	7114	7114	7114
SAOUHSC_01141	10071	10071	10071
SAOUHSC_00023	21307	21307	21307
rpmH	20685	20685	20685
SAOUHSC_01474	11275	11275	11275
SAOUHSC_00901	3468	3468	3468
SAOUHSC_01735	11944	11944	11944
SAOUHSC_02123	25088	25088	25088
SAOUHSC_02786	4079	4079	4079
mutL	13473	13473	13473
SAOUHSC_01960	21243	21243	21243
SAOUHSC_00486	187420	187420	187420
SAOUHSC_01739	17466	17466	17466
SAOUHSC_01287	655925	655925	655925
SAOUHSC_01205	16438	16438	16438
thrS	65874	65874	65874
SAOUHSC_01164	15651	15651	15651
SAOUHSC_T00032	2162	2104	2162
SAOUHSC_03031	4115	4115	4115
rpoZ	9022	9022	9022
SAOUHSC_T00014	1620	0	1620
SAOUHSC_00503	9770	9770	9770
tsf	200262	200262	200262
SAOUHSC_00624	4800	4800	4800
SAOUHSC_02710	1136	1136	1136
SAOUHSC_01696	20310	20310	20310
SAOUHSC_00458	718	718	718
SAOUHSC_T00012	1574	0	1574
rplK	89988	89988	89988
SAOUHSC_02768	336	336	336
rplU	50287	50287	50287
SAOUHSC_00061	2309	2309	2309
SAOUHSC_01979	5322	5322	5322
rplA	115446	115446	115446
SAOUHSC_01077	69802	69802	69802
SAOUHSC_01802	77776	77776	77776
SAOUHSC_01585	24531	24531	24531
SAOUHSC_02754	7260	7260	7260
SAOUHSC_01469	8873	8873	8873
SAOUHSC_01129	816	816	816
ruvB	18295	18295	18295
queA	14778	14778	14778
SAOUHSC_00517	37179	37179	37179
SAOUHSC_00626	2305	2305	2305
SAOUHSC_01185	19711	19711	19711
SAOUHSC_01186	11609	11609	11609
SAOUHSC_00397	12608	11323	12608
SAOUHSC_00854	14052	14052	14052
SAOUHSC_01686	2557	2557	2557
SAOUHSC_00528	138002	138002	138002
SAOUHSC_00101	46843	46843	46843
SAOUHSC_01163	12889	12889	12889
SAOUHSC_02107	37055	37055	37055
rplJ	100504	100504	100504
SAOUHSC_02933	6245	6245	6245
SAOUHSC_00100	15711	11783	15711
SAOUHSC_00187	5897	5897	5897
SAOUHSC_02646	1323	1323	1323
SAOUHSC_01451	132	132	132
SAOUHSC_01925	60	60	60
SAOUHSC_00878	206421	206421	206421
SAOUHSC_00005	67490	67490	67490
SAOUHSC_00226	50140	50140	50140
SAOUHSC_T00048	2509	89	2509
SAOUHSC_00559	472	472	472
SAOUHSC_01645	9948	9948	9948
rbgA	4770	4770	4770
SAOUHSC_01240	58623	58623	58623
SAOUHSC_01099	25255	25255	25255
SAOUHSC_01349	5111	5111	5111
SAOUHSC_00994	256209	256209	256209
SAOUHSC_00122	2883	2883	2883
SAOUHSC_01406	8992	8992	8992
SAOUHSC_T00053	1717	0	1717
SAOUHSC_01187	35079	35079	35079
infC	34771	34771	34771
SAOUHSC_01652	64201	64201	64201
SAOUHSC_00671	117392	117392	117392
SAOUHSC_03032	2951	2951	2951
SAOUHSC_01601	12977	12977	12977
SAOUHSC_00354	469	469	469
SAOUHSC_01667	15272	15272	15272
rpoB	296248	296248	296248
SAOUHSC_02160	194	194	194
coaE	19438	19438	19438
SAOUHSC_02848	16975	16975	16975
rplT	34024	34019	34024
rpsL	133604	133604	133604
SAOUHSC_01221	223	223	223
engA	49771	49771	49771
SAOUHSC_02885	55062	55062	55062
SAOUHSC_01663	19677	19677	19677
SAOUHSC_00525	275442	275442	275442
SAOUHSC_01050	27115	27115	27115
SAOUHSC_00437	19557	19557	19557
SAOUHSC_00610	3177	3177	3177
SAOUHSC_00523	7914	7914	7914
SAOUHSC_02294	73	73	73
SAOUHSC_00680	663	663	663
SAOUHSC_01150	284197	284197	284197
smpB	9412	9412	9412
SAOUHSC_01857	145916	145916	145916
SAOUHSC_00676	18082	18082	18082
SAOUHSC_01182	5090	5090	5090
SAOUHSC_02412	2962	1832	2962
SAOUHSC_01658	12472	12472	12472
SAOUHSC_00685	6367	6367	6367
rplM	63498	63498	63498
SAOUHSC_02343	194910	194910	194910
SAOUHSC_00667	6427	6427	6427
SAOUHSC_00484	13035	13035	13035
SAOUHSC_00914	36	36	36
SAOUHSC_00851	98958	98958	98958
SAOUHSC_01612	25780	25780	25780
SAOUHSC_00625	18267	18267	18267
SAOUHSC_01510	373	373	373
SAOUHSC_02425	176334	176334	176334
SAOUHSC_01381	708	708	708
SAOUHSC_00022	43012	43012	43012
SAOUHSC_00551	10565	10565	10565
SAOUHSC_02746	302	302	302
rnhB	4179	4179	4179
SAOUHSC_00691	14637	14637	14637
SAOUHSC_01644	21174	21174	21174
SAOUHSC_00227	72716	72716	72716
SAOUHSC_01425	6108	6108	6108
era	26063	26063	26063
SAOUHSC_01587	15262	15262	15262
SAOUHSC_01299	5	5	5
SAOUHSC_02266	11	11	11
hemC	12248	12248	12248
SAOUHSC_01239	24333	24333	24333
SAOUHSC_00549	23878	23878	23878
SAOUHSC_02347	106551	106551	106551
SAOUHSC_01688	46911	46911	46911
SAOUHSC_02324	5109	5109	5109
SAOUHSC_00560	358	358	358
SAOUHSC_00557	712	712	712
SAOUHSC_01238	12966	12966	12966
SAOUHSC_00693	9358	9358	9358
SAOUHSC_00976	745	745	745
SAOUHSC_01207	40250	40250	40250
SAOUHSC_01171	3792	3792	3792
SAOUHSC_00302	4253	4253	4253
SAOUHSC_01460	13023	13023	13023
SAOUHSC_01697	20062	20062	20062
atpC	108327	108327	108327
SAOUHSC_00439	2215	2215	2215
SAOUHSC_01910	359968	359968	359968
SAOUHSC_01153	28975	28975	28975
SAOUHSC_02327	45155	45155	45155
SAOUHSC_01623	39478	39478	39478
SAOUHSC_00954	17642	17642	17642
SAOUHSC_T00061	174	0	174
SAOUHSC_T00011	353	0	353
SAOUHSC_T00021	364	0	364
SAOUHSC_00438	3964	3964	3964
SAOUHSC_00152	17014	17014	17014
SAOUHSC_00794	70188	70188	70188
SAOUHSC_T00046	401	316	401
tig	200977	200977	200977
SAOUHSC_00675	35205	35205	35205
SAOUHSC_01611	33885	33885	33885
SAOUHSC_02241	446	446	446
SAOUHSC_01431	25767	25767	25767
SAOUHSC_02574	19616	19616	19616
SAOUHSC_00803	51968	51968	51968
SAOUHSC_00827	1470	1470	1470
SAOUHSC_01744	8116	8116	8116
SAOUHSC_02273	17352	17352	17352
SAOUHSC_01245	4383	4383	4383
SAOUHSC_00849	96655	96655	96655
SAOUHSC_T00054	1709	0	1709
SAOUHSC_00529	646428	646428	646428
SAOUHSC_00353	69	69	69
SAOUHSC_00006	99950	99950	99950
SAOUHSC_02341	373026	373026	373026
SAOUHSC_01659	18133	18133	18133
SAOUHSC_01288	109	109	109
gatA	76814	76814	76814
SAOUHSC_02345	340550	340550	340550
SAOUHSC_T0003	721	0	721
SAOUHSC_00692	6461	6461	6461
SAOUHSC_00323	5945	5837	5945
SAOUHSC_01646	29582	29582	29582
SAOUHSC_01764	49	49	49
SAOUHSC_01958	3457	3457	3457
SAOUHSC_00505	66886	66886	66886
SAOUHSC_02530	169	169	169
thyA	17637	17637	17637
SAOUHSC_00929	75	75	75
SAOUHSC_01306	9	9	9
SAOUHSC_01269	17154	17154	17154
SAOUHSC_00955	2725	2725	2725
SAOUHSC_01271	5647	5647	5647
SAOUHSC_01063	19383	19383	19383
SAOUHSC_02278	2047	2047	2047
SAOUHSC_00399	120	120	120
SAOUHSC_01700	26300	26300	26300
SAOUHSC_00153	70964	70964	70964
rpmI	19082	19082	19082
SAOUHSC_00550	17937	17937	17937
SAOUHSC_01877	9978	9978	9978
SAOUHSC_00855	16079	16079	16079
ipk	12223	12223	12223
SAOUHSC_T0006	33	33	33
SAOUHSC_01046	1481	1481	1481
SAOUHSC_02384	2850	2850	2850
SAOUHSC_T00022	896	0	896
rpsU	38471	38471	38471
SAOUHSC_00793	11864	11864	11864
SAOUHSC_02534	2955	2880	2955
SAOUHSC_01270	4691	4691	4691
SAOUHSC_01242	7939	7939	7939
polC	34148	34148	34148
SAOUHSC_01953	695	695	695
SAOUHSC_00896	11168	10769	11168
SAOUHSC_T00056	2042	2042	2042
SAOUHSC_01717	12512	12512	12512
SAOUHSC_00577	14130	14130	14130
SAOUHSC_01508	2286	2286	2286
gatC	21603	21603	21603
SAOUHSC_T00027	784	779	784
SAOUHSC_01184	17002	17002	17002
SAOUHSC_02873	15334	15334	15334
SAOUHSC_00569	44557	44557	44557
SAOUHSC_01412	6364	6364	6364
SAOUHSC_02681	335	335	335
SAOUHSC_02323	9009	9009	9009
SAOUHSC_01613	29519	29519	29519
SAOUHSC_01808	13708	13708	13708
SAOUHSC_00060	21728	21728	21728
SAOUHSC_01456	1915	1915	1915
SAOUHSC_01967	21728	21728	21728
SAOUHSC_02726	2132	2132	2132
SAOUHSC_00727	8599	8599	8599
SAOUHSC_02573	12888	12888	12888
groES	10018	10018	10018
SAOUHSC_T00055	1611	0	1611
SAOUHSC_T00025	870	0	870
SAOUHSC_00997	15712	15712	15712
pyrC	11510	11510	11510
pheT	40595	40595	40595
SAOUHSC_01432	51556	51556	51556
SAOUHSC_01031	2923	2923	2923
SAOUHSC_00578	20197	20197	20197
infB	47142	47142	47142
pyrG	35353	35353	35353
gatB	100708	100708	100708
SAOUHSC_02381	7066	7066	7066
SAOUHSC_00201	1695	1695	1695
SAOUHSC_00129	9208	9208	9208
pheS	15007	15007	15007
prfA	22987	22987	22987
SAOUHSC_00155	16110	16108	16110
SAOUHSC_01413	3072	3072	3072
SAOUHSC_02326	1900	1898	1900
SAOUHSC_01429	25447	25447	25447
SAOUHSC_T00033	2857	2857	2857
SAOUHSC_00850	38421	38421	38421
SAOUHSC_00822	1387	1387	1387
SAOUHSC_02752	4338	4338	4338
carB	22895	22895	22895
SAOUHSC_00729	11946	11946	11946
prmA	15273	15273	15273
SAOUHSC_02329	2058	2058	2058
SAOUHSC_01327	118896	118896	118896
SAOUHSC_00146	1466	1466	1466
SAOUHSC_01154	45258	45258	45258
SAOUHSC_01183	12330	12330	12330
SAOUHSC_00728	112442	112442	112442
SAOUHSC_02932	4366	4366	4366
SAOUHSC_02250	181	181	181
SAOUHSC_T00035	292	213	292
SAOUHSC_02113	5846	5846	5846
SAOUHSC_01584	6017	5546	6017
SAOUHSC_01049	4227	4227	4227
SAOUHSC_01770	483	483	483
SAOUHSC_02709	900	900	900
SAOUHSC_01361	18534	18534	18534
SAOUHSC_01430	44812	44812	44812
SAOUHSC_00717	5876	5876	5876
SAOUHSC_01618	26219	26219	26219
SAOUHSC_01761a	92	92	92
SAOUHSC_01843	2129	2129	2129
recU	28883	28883	28883
SAOUHSC_02769	236	236	236
SAOUHSC_00711	35124	35124	35124
SAOUHSC_00579	22325	22325	22325
SAOUHSC_00282	2680	2680	2680
SAOUHSC_02277	7139	7139	7139
SAOUHSC_01467	217353	217353	217353
nusA	20570	20570	20570
SAOUHSC_00688	20252	20252	20252
SAOUHSC_02358	15199	15199	15199
SAOUHSC_00902	7030	7030	7030
SAOUHSC_00099	3046	3046	3046
SAOUHSC_02360	14188	14188	14188
SAOUHSC_00903	9451	9451	9451
SAOUHSC_02108	7158	7158	7158
SAOUHSC_T00060	135	0	135
SAOUHSC_00897	12931	12931	12931
SAOUHSC_01272	15245	15245	15245
SAOUHSC_00341	139	139	139
SAOUHSC_01682	13752	13752	13752
SAOUHSC_00291	1224	1223	1224
SAOUHSC_01716	22622	22622	22622
gmk	29627	29627	29627
SAOUHSC_01809	14355	14355	14355
SAOUHSC_T00030	1481	1443	1481
SAOUHSC_00340	178	178	178
SAOUHSC_00912	22169	22169	22169
SAOUHSC_T00036	3013	2842	3013
SAOUHSC_01169	9204	9204	9204
SAOUHSC_02251	40	40	40
SAOUHSC_01307	495	495	495
SAOUHSC_01810	21360	21360	21360
SAOUHSC_01359	32359	32359	32359
SAOUHSC_00957	5932	5932	5932
SAOUHSC_00689	14436	14436	14436
SAOUHSC_00396	12	12	12
def	21292	21292	21292
SAOUHSC_01513	2703	2702	2703
SAOUHSC_02264	103024	103024	103024
SAOUHSC_00646	5001	5001	5001
SAOUHSC_T00037	743	563	743
SAOUHSC_T0005	284	284	284
SAOUHSC_02325	1995	1992	1995
SAOUHSC_02855	5565	5565	5565
SAOUHSC_01244	3741	3741	3741
SAOUHSC_02243	210	210	210
SAOUHSC_02175	3559	3559	3559
SAOUHSC_T00010	893	0	893
SAOUHSC_01684	36963	36963	36963
SAOUHSC_02364	12558	12558	12558
SAOUHSC_02571	18178	18178	18178
SAOUHSC_02968	155	155	155
SAOUHSC_01121	25667	25667	25667
SAOUHSC_T00018	1107	154	1107
SAOUHSC_01512	2143	2143	2143
SAOUHSC_00236	7441	7441	7441
SAOUHSC_02330	1921	1921	1921
SAOUHSC_00128	8625	8625	8625
SAOUHSC_02316	49908	49908	49908
SAOUHSC_00336	93599	93599	93599
SAOUHSC_T00050	58	58	58
SAOUHSC_00293	1290	1290	1290
SAOUHSC_02892	906	906	906
SAOUHSC_02265	82696	82696	82696
SAOUHSC_T0008	926	0	926
SAOUHSC_00121	2861	2861	2861
SAOUHSC_03006	85995	85995	85995
SAOUHSC_T00031	717	717	717
SAOUHSC_01275	61671	61671	61671
SAOUHSC_02893	788	788	788
SAOUHSC_02394	2	2	2
SAOUHSC_T0009	883	0	883
SAOUHSC_02279	4205	4204	4205
SAOUHSC_01763	89	89	89
ribH	1632	1632	1632
dnaK	138637	138637	138637
SAOUHSC_00235	3604	3604	3604
SAOUHSC_02176	110	110	110
SAOUHSC_02365	29704	29704	29704
thiE	1884	1884	1884
SAOUHSC_02389	2331	2331	2331
SAOUHSC_00127	5191	5191	5191
SAOUHSC_02397	4513	4513	4513
SAOUHSC_02583	11912	11912	11912
SAOUHSC_02720	3	3	3
SAOUHSC_T00028	123	0	123
SAOUHSC_00126	2953	2953	2953
SAOUHSC_00120	6934	6934	6934
SAOUHSC_02672	479	479	479
SAOUHSC_01780	10	10	10
groEL	62738	62738	62738
SAOUHSC_03024	7530	7530	7530
SAOUHSC_00097	1230	1230	1230
SAOUHSC_00857	207	207	207
SAOUHSC_02721	1585	1585	1585
SAOUHSC_00125	6544	6544	6544
SAOUHSC_01285	98894	98894	98894
SAOUHSC_01511	1836	1675	1836
SAOUHSC_00119	7476	7476	7476
SAOUHSC_01298	7	7	7
SAOUHSC_00292	1519	1518	1519
SAOUHSC_02283	17	17	17
glpK	69542	69542	69542
SAOUHSC_00038	110	110	110
SAOUHSC_02012	6954	6954	6954
SAOUHSC_01200	4456	4456	4456
SAOUHSC_R00010	1609	0	1609
SAOUHSC_01135	4956	4956	4956
SAOUHSC_R00016	7	0	7
SAOUHSC_02399	676761	676761	676761
SAOUHSC_02411	60	60	60
SAOUHSC_02629	7390	7390	7390
SAOUHSC_01889	4736	4736	4736
SAOUHSC_00118	5632	5632	5632
SAOUHSC_02332	918	918	918
SAOUHSC_02100	4912	4912	4912
SAOUHSC_R0009	1636	0	1636
SAOUHSC_03033	5389	5389	5389
SAOUHSC_01838	63957	63957	63957
SAOUHSC_02099	12242	12242	12242
SAOUHSC_01199	58822	58822	58822
SAOUHSC_02840	4857	4857	4857
SAOUHSC_02388	1156	1156	1156
SAOUHSC_01972	36530	36530	36530
SAOUHSC_02975	35451	35451	35451
SAOUHSC_02976	22858	22858	22858
SAOUHSC_R0003	59429	1498	59429
SAOUHSC_00870	12742	12742	12742
SAOUHSC_00411	12	12	12
SAOUHSC_01976	11	11	11
SAOUHSC_02857	1	1	1
SAOUHSC_T00057	2	0	2
SAOUHSC_00116	5032	5032	5032
SAOUHSC_01196	21167	21167	21167
SAOUHSC_00921	74956	74956	74956
SAOUHSC_R0001	65771	1654	65771
SAOUHSC_01198	56581	56581	56581
SAOUHSC_01887	3272	3272	3272
SAOUHSC_00998	5970	5970	5970
SAOUHSC_00240	1473	1473	1473
SAOUHSC_02635	9908	9908	9908
SAOUHSC_00111	17	17	17
SAOUHSC_R0005	114	2	114
SAOUHSC_02841	10897	10897	10897
SAOUHSC_01278	23096	23096	23096
SAOUHSC_00871	2917	2917	2917
SAOUHSC_00114	2833	2833	2833
SAOUHSC_00115	4261	4261	4261
SAOUHSC_R0007	70130	1703	70130
SAOUHSC_02839	13839	13839	13839
SAOUHSC_00639	2509	2509	2509
SAOUHSC_00239	4400	4400	4400
SAOUHSC_02333	5704	5704	5704
SAOUHSC_02630	3353	3353	3353
SAOUHSC_00356	34587	34587	34587
SAOUHSC_01136	7330	7330	7330
SAOUHSC_01888	1709	1709	1709
SAOUHSC_00241	2632	2632	2632
SAOUHSC_R00013	11	0	11
SAOUHSC_00117	9783	9783	9783
SAOUHSC_02098	10110	10110	10110
SAOUHSC_01197	52493	52493	52493
SAOUHSC_01736	65	65	65
SAOUHSC_R0004	17663	416	17663
SAOUHSC_R0008	91214	2340	91214
SAOUHSC_T00019	7	0	7
SAOUHSC_T00049	219	219	219
SAOUHSC_T0007	85	19	85
SAOUHSC_00174	819	819	819
SAOUHSC_01794	157048	157048	157048
SAOUHSC_03023	19660	19660	19660
SAOUHSC_02805	3	3	3
SAOUHSC_00920	27049	27049	27049
SAOUHSC_01839	19025	19025	19025
SAOUHSC_02576	14245	14245	14245
SAOUHSC_R00015	7	0	7
SAOUHSC_00872	41014	41014	41014
SAOUHSC_00154	7	7	7
SAOUHSC_01760	2396	2396	2396
SAOUHSC_A02811	2	2	2
SAOUHSC_R00014	6	0	6
SAOUHSC_00869	49181	49181	49181
SAOUHSC_02866	7485	7485	7485
SAOUHSC_01844	1	1	1
SAOUHSC_01761	1647	1647	1647
SAOUHSC_01005	13343	13343	13343
SAOUHSC_01068	3	3	3
SAOUHSC_02115	0	0	0
SAOUHSC_T00017	1	0	1
SAOUHSC_02745	8	8	8
SAOUHSC_R00012	5	0	5
SAOUHSC_02717	3	3	3
SAOUHSC_00561	1617	1617	1617
SAOUHSC_00737	0	0	0
SAOUHSC_00772	1	1	1
SAOUHSC_01339	0	0	0
SAOUHSC_01853	0	0	0
SAOUHSC_02838	0	0	0
SAOUHSC_02872	530	530	530
SAOUHSC_00243	0	0	0
SAOUHSC_01402	1	1	1
SAOUHSC_01963	1	1	1
SAOUHSC_02953	3604	3604	3604
SAOUHSC_02954	1271	1271	1271
SAOUHSC_03041	145	145	145
SAOUHSC_3042a	93	58	93
SAOUHSC_00355	80	80	80
SAOUHSC_03040	2426	2059	2426
SAOUHSC_03042	96	76	96
SAOUHSC_03037	1036	1036	1036
SAOUHSC_03036	698	698	698
SAOUHSC_03037a	20	13	20
SAOUHSC_00108	0	0	0
SAOUHSC_00387	0	0	0
SAOUHSC_00583	0	0	0
SAOUHSC_00677	0	0	0
SAOUHSC_00778	0	0	0
SAOUHSC_00809	0	0	0
SAOUHSC_00867	0	0	0
SAOUHSC_00967	0	0	0
SAOUHSC_01003	1	1	1
SAOUHSC_01109	0	0	0
SAOUHSC_01883	0	0	0
SAOUHSC_01934	0	0	0
SAOUHSC_02069	0	0	0
SAOUHSC_02105	1	1	1
SAOUHSC_02459	0	0	0
SAOUHSC_02634	0	0	0
SAOUHSC_02804	0	0	0
SAOUHSC_02890	0	0	0
SAOUHSC_02939	0	0	0
SAOUHSC_02948	0	0	0
SAOUHSC_02950	1	1	1
SAOUHSC_A01436	0	0	0
SAOUHSC_A02169	0	0	0
