Feature ID	Single mutant - SM2_S5 (GE) - Expression values	Single mutant - SM2_S5 (GE) - Unique gene reads	Single mutant - SM2_S5 (GE) - Total gene reads
SAOUHSC_01037	10	10	10
SAOUHSC_00303	1	1	1
SAOUHSC_00978	62	62	62
SAOUHSC_02313	1	1	1
SAOUHSC_02518	4	4	4
SAOUHSC_A02577	2	2	2
SAOUHSC_01295	3	3	3
SAOUHSC_02705	2	2	2
SAOUHSC_01290	18	18	18
SAOUHSC_01291	2	2	2
SAOUHSC_02732	2	2	2
SAOUHSC_T00016	1	0	1
SAOUHSC_00823	149	149	149
SAOUHSC_02515	611	611	611
SAOUHSC_01930	14	14	14
SAOUHSC_02925	41	41	41
SAOUHSC_00069	855939	855939	855939
SAOUHSC_02312	5177	5177	5177
SAOUHSC_01357	106	106	106
SAOUHSC_02771	131	131	131
SAOUHSC_01315	3	3	3
SAOUHSC_00244	208	208	208
SAOUHSC_A02450	61	61	61
SAOUHSC_02799	37	37	37
SAOUHSC_02832	13	13	13
SAOUHSC_01902	85	85	85
SAOUHSC_02109	1	1	1
SAOUHSC_02657	3	3	3
SAOUHSC_01704	60	60	60
SAOUHSC_02603	520	520	520
SAOUHSC_01113	33	33	33
SAOUHSC_00853	23	23	23
SAOUHSC_01637	34	33	34
SAOUHSC_01421	9	9	9
SAOUHSC_01305	29	29	29
SAOUHSC_00253	5287	5287	5287
SAOUHSC_02311	9078	9078	9078
SAOUHSC_00599	100	100	100
SAOUHSC_01264	3917	3917	3917
SAOUHSC_02821	206	206	206
SAOUHSC_01628	247	247	247
SAOUHSC_00545	36833	36377	36833
SAOUHSC_00232	41485	41485	41485
SAOUHSC_01841	57	57	57
SAOUHSC_00087	2	2	2
SAOUHSC_00470	1	1	1
SAOUHSC_01230	24	24	24
SAOUHSC_02141	1	1	1
SAOUHSC_T00052	36	1	36
SAOUHSC_02566	2975	2975	2975
SAOUHSC_02338	738	738	738
SAOUHSC_02310	3498	3498	3498
SAOUHSC_R0002	29	0	29
SAOUHSC_02856	27	27	27
SAOUHSC_02820	548	548	548
SAOUHSC_01297	97	97	97
SAOUHSC_00233	102889	102889	102889
SAOUHSC_1307a	21	21	21
SAOUHSC_00916	63	63	63
SAOUHSC_01331	0	0	0
SAOUHSC_00270	566	566	566
SAOUHSC_02701	155	155	155
SAOUHSC_01863	1334	1334	1334
SAOUHSC_01119	526	526	526
SAOUHSC_00824	246	246	246
SAOUHSC_01131	1021	1021	1021
SAOUHSC_01293	12	12	12
SAOUHSC_02809	4273	4273	4273
SAOUHSC_02129	50	50	50
SAOUHSC_00718	346	346	346
SAOUHSC_00492	344	344	344
SAOUHSC_01024	1914	1914	1914
SAOUHSC_02455	113	113	113
SAOUHSC_02419	402	402	402
SAOUHSC_03002	144	144	144
SAOUHSC_01971	173	173	173
SAOUHSC_02432	6	6	6
SAOUHSC_00589	90	90	90
SAOUHSC_02452	228	228	228
SAOUHSC_00238	1	1	1
SAOUHSC_01123	481	481	481
SAOUHSC_02607	14372	14372	14372
SAOUHSC_00045	44	44	44
SAOUHSC_01101	90	90	90
SAOUHSC_02606	12900	12900	12900
SAOUHSC_03045	20238	20238	20238
SAOUHSC_00040	1	1	1
SAOUHSC_00826	3265	3265	3265
SAOUHSC_00070	4455	4455	4455
SAOUHSC_02453	263	263	263
SAOUHSC_T00020	3	0	3
SAOUHSC_01389	215	215	215
SAOUHSC_00251	801	801	801
SAOUHSC_00972	725	725	725
SAOUHSC_02393	607	607	607
SAOUHSC_03003	21	21	21
SAOUHSC_00591	237	237	237
SAOUHSC_01956	193	193	193
SAOUHSC_00593	146	146	146
SAOUHSC_01334	927	927	927
SAOUHSC_00446	9	9	9
SAOUHSC_02470	340	340	340
SAOUHSC_00852	6	6	6
SAOUHSC_03046	438	438	438
SAOUHSC_00747	1270	1270	1270
SAOUHSC_00255	253	253	253
SAOUHSC_00260	135	135	135
SAOUHSC_00973	10491	10491	10491
SAOUHSC_02572	743	743	743
SAOUHSC_01950	31	31	31
SAOUHSC_02817	27	27	27
SAOUHSC_03000	35	35	35
SAOUHSC_00075	354	354	354
SAOUHSC_02320	3260	3260	3260
SAOUHSC_00271	1063	1063	1063
SAOUHSC_00144	71842	71842	71842
SAOUHSC_02588	13	13	13
SAOUHSC_02808	8504	8504	8504
SAOUHSC_01292	44	44	44
SAOUHSC_01090	2	2	2
SAOUHSC_01055a	630	630	630
SAOUHSC_02886	32	32	32
SAOUHSC_01111	67	67	67
SAOUHSC_00841	715	715	715
SAOUHSC_02914	7	7	7
SAOUHSC_00254	57	57	57
SAOUHSC_00915	41	41	41
SAOUHSC_01923	237	237	237
SAOUHSC_00145	7045	7045	7045
SAOUHSC_02314	26888	26888	26888
SAOUHSC_02990	19017	19017	19017
SAOUHSC_00076	541	541	541
SAOUHSC_00074	5767	5767	5767
SAOUHSC_00249	876	876	876
SAOUHSC_A02331	88	88	88
SAOUHSC_01897	146	146	146
SAOUHSC_01353	323	323	323
SAOUHSC_02153	352	352	352
SAOUHSC_01957	713	713	713
SAOUHSC_02618	5236	5236	5236
SAOUHSC_02858	62	62	62
SAOUHSC_00704	2607	2607	2607
SAOUHSC_00612	146	146	146
SAOUHSC_00674	777	777	777
SAOUHSC_00775	539	539	539
SAOUHSC_00257	11380	11380	11380
SAOUHSC_00203	180	180	180
SAOUHSC_02157	1244	1244	1244
SAOUHSC_00806	859	859	859
SAOUHSC_01363	3958	3958	3958
SAOUHSC_02664	3335	3335	3335
SAOUHSC_01030	898	898	898
SAOUHSC_00272	319	319	319
SAOUHSC_02798	11400	11400	11400
SAOUHSC_00808	2826	2826	2826
SAOUHSC_01120	2138	2138	2138
SAOUHSC_01394	332	332	332
SAOUHSC_00250	956	956	956
SAOUHSC_00205	1	1	1
SAOUHSC_00650	6	6	6
SAOUHSC_01294	9	9	9
SAOUHSC_01300	2	2	2
SAOUHSC_01765	2	2	2
SAOUHSC_01937	4	4	4
SAOUHSC_02339	1	1	1
SAOUHSC_02451	109	109	109
SAOUHSC_02616	1	1	1
SAOUHSC_02889	0	0	0
SAOUHSC_02940	1	1	1
SAOUHSC_A00526	0	0	0
SAOUHSC_02454	151	151	151
SAOUHSC_01603	352	347	352
SAOUHSC_02813	4207	4207	4207
SAOUHSC_01409	204	203	204
SAOUHSC_00360	1051	1051	1051
SAOUHSC_00084	376	376	376
SAOUHSC_02521	512	512	512
SAOUHSC_00749	18507	18507	18507
SAOUHSC_02819	48	48	48
SAOUHSC_02315	8615	8615	8615
SAOUHSC_02759	4861	4861	4861
SAOUHSC_00289	63	63	63
SAOUHSC_02245	275	275	275
SAOUHSC_03005	197	197	197
SAOUHSC_00986	342	342	342
SAOUHSC_00261	971	971	971
SAOUHSC_00112	38	29	38
secY_2	206	206	206
SAOUHSC_00409	187	187	187
SAOUHSC_01422	293	293	293
SAOUHSC_00991	859	859	859
SAOUHSC_02619	5288	5288	5288
SAOUHSC_02991	4896	4896	4896
SAOUHSC_01324	5668	5668	5668
SAOUHSC_01905	25	23	25
SAOUHSC_00746	2506	2506	2506
SAOUHSC_02702	161	161	161
SAOUHSC_02928	96	96	96
SAOUHSC_00266	500	500	500
SAOUHSC_00926	1734	1734	1734
SAOUHSC_00300	25741	25741	25741
SAOUHSC_00993	57	57	57
SAOUHSC_02271	226	226	226
SAOUHSC_00135	524	524	524
SAOUHSC_00077	939	939	939
SAOUHSC_01388	5	5	5
SAOUHSC_00588	398	398	398
SAOUHSC_00701	901	901	901
SAOUHSC_02156	9	9	9
SAOUHSC_00923	994	994	994
SAOUHSC_01647	895	895	895
SAOUHSC_00913	58	58	58
SAOUHSC_00042	648	648	648
SAOUHSC_02378	2737	2737	2737
SAOUHSC_00927	3854	3854	3854
SAOUHSC_02008	2381	2381	2381
SAOUHSC_01984	563	563	563
SAOUHSC_00725	361	361	361
SAOUHSC_00544	6891	6833	6891
SAOUHSC_00259	572	572	572
SAOUHSC_01503	1773	1773	1773
SAOUHSC_00202	126	126	126
SAOUHSC_00357	2755	2755	2755
SAOUHSC_02795	313	313	313
SAOUHSC_01084	677	677	677
SAOUHSC_00753	682	682	682
SAOUHSC_02437	155	117	155
SAOUHSC_00044	694	694	694
SAOUHSC_01013	5572	5572	5572
SAOUHSC_00193	98	98	98
SAOUHSC_02104	91	91	91
SAOUHSC_01097	2631	2631	2631
SAOUHSC_00166	1373	1373	1373
SAOUHSC_03001	6071	6071	6071
SAOUHSC_01627	4828	4828	4828
SAOUHSC_00585	45	45	45
SAOUHSC_00837	21	21	21
SAOUHSC_00992	428	428	428
SAOUHSC_01789	8021	8021	8021
SAOUHSC_00844	824	824	824
SAOUHSC_00925	1825	1825	1825
SAOUHSC_01311	46	46	46
SAOUHSC_01484	7	7	7
SAOUHSC_02883	1385	1385	1385
SAOUHSC_02309	966	966	966
SAOUHSC_01072	2727	2727	2727
SAOUHSC_00618	812	812	812
SAOUHSC_02800	8	8	8
SAOUHSC_00537	1624	1622	1624
SAOUHSC_00025	4163	4163	4163
SAOUHSC_02144	1197	1197	1197
SAOUHSC_00936	90	90	90
SAOUHSC_00072	1819	1819	1819
SAOUHSC_01088	260	260	260
SAOUHSC_02256	3591	3591	3591
SAOUHSC_00163	3541	3541	3541
SAOUHSC_00046	192	192	192
SAOUHSC_00931	346	346	346
SAOUHSC_02944	320	320	320
SAOUHSC_00030	3656	3656	3656
SAOUHSC_00924	1266	1266	1266
SAOUHSC_00258	3895	3895	3895
SAOUHSC_02246	300	300	300
SAOUHSC_02678	1180	1180	1180
SAOUHSC_01010	904	904	904
SAOUHSC_02458	23	23	23
SAOUHSC_00275	549	387	549
SAOUHSC_00368	28	28	28
SAOUHSC_01310	23864	23864	23864
SAOUHSC_00164	2786	2786	2786
SAOUHSC_02275	50	50	50
SAOUHSC_01012	1714	1714	1714
SAOUHSC_03047	204	204	204
SAOUHSC_00842	976	976	976
SAOUHSC_01918	61532	61532	61532
SAOUHSC_00706	3743	3743	3743
SAOUHSC_02688	9	9	9
SAOUHSC_00636	65842	65842	65842
SAOUHSC_02622	10558	10558	10558
SAOUHSC_02722	382	382	382
SAOUHSC_02865	100	100	100
SAOUHSC_02589	8294	8294	8294
SAOUHSC_00682	2015	2015	2015
SAOUHSC_00299	1077	1077	1077
SAOUHSC_00279	2023	2023	2023
SAOUHSC_01896	1792	1792	1792
SAOUHSC_01898	301	301	301
SAOUHSC_02528	1324	1324	1324
SAOUHSC_02973	1173	1173	1173
SAOUHSC_02570	322	322	322
SAOUHSC_02868	241	241	241
SAOUHSC_02258	1372	1372	1372
SAOUHSC_01799	19478	19478	19478
SAOUHSC_00540	647	647	647
SAOUHSC_01635	1192	1192	1192
SAOUHSC_00669	8395	8395	8395
SAOUHSC_02806	10284	10284	10284
SAOUHSC_01919	87706	87706	87706
SAOUHSC_00274	710	700	710
SAOUHSC_00744	40	40	40
SAOUHSC_01945	536	536	536
SAOUHSC_00965	2912	2912	2912
SAOUHSC_02609	83	83	83
SAOUHSC_00313	89966	89966	89966
SAOUHSC_01011	799	799	799
SAOUHSC_02666	3486	3486	3486
SAOUHSC_00800	2320	2320	2320
SAOUHSC_01304	649	649	649
SAOUHSC_00843	374	374	374
SAOUHSC_02465	5235	5235	5235
SAOUHSC_01014	4829	4829	4829
recX	4272	4272	4272
SAOUHSC_00089	118	118	118
SAOUHSC_01931	1095	1095	1095
SAOUHSC_01085	625	625	625
SAOUHSC_01356	3374	3374	3374
SAOUHSC_00421	806	806	806
SAOUHSC_01954	121	121	121
SAOUHSC_01879	24168	24168	24168
SAOUHSC_00862	3005	3005	3005
SAOUHSC_01112	419	419	419
SAOUHSC_02651	3126	3126	3126
SAOUHSC_01604	7094	7001	7094
SAOUHSC_00134	615	615	615
SAOUHSC_01729	8398	8398	8398
SAOUHSC_00130	1222	1222	1222
SAOUHSC_02462	15	15	15
SAOUHSC_03018	265	265	265
SAOUHSC_00269	13273	11045	13273
SAOUHSC_02145	495	495	495
SAOUHSC_02794	1054	1054	1054
SAOUHSC_02811	11888	11888	11888
SAOUHSC_1342a	5431	5431	5431
SAOUHSC_00262	5099	5099	5099
SAOUHSC_00977	756	756	756
SAOUHSC_03004	152	152	152
SAOUHSC_02988	952	952	952
SAOUHSC_00347	1582	1582	1582
SAOUHSC_00838	8983	8983	8983
SAOUHSC_02335	7367	7367	7367
SAOUHSC_02608	1897	1897	1897
SAOUHSC_02475	602	602	602
SAOUHSC_01395	705	705	705
SAOUHSC_02624	5183	5183	5183
SAOUHSC_00389	89	88	89
SAOUHSC_00395	550	550	550
SAOUHSC_01137	6290	6290	6290
SAOUHSC_01922	2860	2860	2860
SAOUHSC_00199	15439	15439	15439
SAOUHSC_00700	1611	1611	1611
SAOUHSC_01124	70	70	70
SAOUHSC_02272	533	533	533
SAOUHSC_02631	4483	4483	4483
SAOUHSC_01155	3069	3069	3069
SAOUHSC_01015	3615	3615	3615
SAOUHSC_01173	1324	1324	1324
SAOUHSC_00634	123833	123833	123833
SAOUHSC_00748	2543	2543	2543
SAOUHSC_01016	1966	1966	1966
SAOUHSC_02971	737	737	737
SAOUHSC_00637	113620	113620	113620
SAOUHSC_00078	654	654	654
SAOUHSC_01999	7902	7902	7902
SAOUHSC_00131	503	503	503
SAOUHSC_02620	1542	1542	1542
SAOUHSC_01009	3639	3639	3639
SAOUHSC_02641	261	261	261
SAOUHSC_02777	3378	3378	3378
SAOUHSC_00175	3407	3407	3407
SAOUHSC_02585	7195	7195	7195
SAOUHSC_02409	72793	72793	72793
SAOUHSC_01023	39	39	39
SAOUHSC_02549	9540	9540	9540
SAOUHSC_02519	7330	7330	7330
SAOUHSC_01073	2265	2265	2265
SAOUHSC_01800	13662	13662	13662
SAOUHSC_00312	21915	21915	21915
SAOUHSC_00922	287	287	287
SAOUHSC_00497	2405	2405	2405
SAOUHSC_01942	52	52	52
SAOUHSC_00828	1440	1440	1440
SAOUHSC_02670	7234	7234	7234
SAOUHSC_02737	9611	9611	9611
SAOUHSC_01952	408	408	408
SAOUHSC_02575	3429	3429	3429
SAOUHSC_00351	285	285	285
SAOUHSC_00774	2018	2018	2018
SAOUHSC_00697	417	417	417
SAOUHSC_00290	9772	9772	9772
SAOUHSC_00548	6669	6669	6669
SAOUHSC_01921	1912	1912	1912
SAOUHSC_02524	3770	3770	3770
SAOUHSC_00662	1508	1508	1508
SAOUHSC_00053	187	187	187
SAOUHSC_01067	6398	6398	6398
SAOUHSC_00311	16401	16401	16401
SAOUHSC_00673	2807	2807	2807
SAOUHSC_00088	100	100	100
SAOUHSC_02529	5315	5315	5315
SAOUHSC_02744	2605	2605	2605
SAOUHSC_00162	27115	27115	27115
trpC	100	100	100
SAOUHSC_00229	934	934	934
SAOUHSC_02650	14958	14958	14958
SAOUHSC_02450	945	945	945
SAOUHSC_00050	1265	1265	1265
SAOUHSC_02605	1109	1109	1109
SAOUHSC_00264	398	398	398
SAOUHSC_00619	16954	16954	16954
SAOUHSC_00182	204	204	204
SAOUHSC_01387	185	185	185
SAOUHSC_02756	791	791	791
SAOUHSC_01396	752	752	752
SAOUHSC_01655	1305	1305	1305
SAOUHSC_01847	2888	2888	2888
SAOUHSC_00874	2596	2596	2596
SAOUHSC_00280	4781	4781	4781
SAOUHSC_00197	11101	11101	11101
SAOUHSC_00363	1802	1802	1802
SAOUHSC_02696	1200	1200	1200
SAOUHSC_00195	12653	12653	12653
SAOUHSC_01336	5259	5259	5259
SAOUHSC_00105	260	260	260
SAOUHSC_02599	1476	1476	1476
SAOUHSC_01798	933	933	933
SAOUHSC_03016	1336	1336	1336
SAOUHSC_00079	1195	1189	1195
SAOUHSC_00949	1588	1588	1588
SAOUHSC_00049	5240	5240	5240
SAOUHSC_00325	121	121	121
SAOUHSC_00173	2174	2174	2174
SAOUHSC_02731	8840	8840	8840
SAOUHSC_00376	157	157	157
SAOUHSC_01403	176685	176685	176685
SAOUHSC_00104	196	196	196
SAOUHSC_02937	2919	2919	2919
SAOUHSC_02773	20827	20827	20827
SAOUHSC_00198	15077	15077	15077
SAOUHSC_02390	27073	27073	27073
SAOUHSC_00335	1629	1629	1629
SAOUHSC_02923	1322	1322	1322
SAOUHSC_01617	5973	5973	5973
SAOUHSC_02810	19706	19706	19706
SAOUHSC_01180	3125	3125	3125
gpmA	29761	29761	29761
SAOUHSC_01707	9987	9987	9987
SAOUHSC_02476	854	854	854
SAOUHSC_01301	1	1	1
SAOUHSC_01397	787	787	787
SAOUHSC_01317	13990	13990	13990
ulaA	52366	52366	52366
SAOUHSC_00196	21161	21161	21161
SAOUHSC_00133	2370	2370	2370
SAOUHSC_00515	2851	2851	2851
SAOUHSC_01948	1491	1491	1491
SAOUHSC_00328	1310	1310	1310
SAOUHSC_01303	684	684	684
SAOUHSC_03022	6322	6322	6322
SAOUHSC_00383	871	871	871
SAOUHSC_01082	1031	1031	1031
SAOUHSC_00324	1610	1610	1610
SAOUHSC_02882	1428	1428	1428
SAOUHSC_00394	149	149	149
SAOUHSC_00329	851	851	851
SAOUHSC_00620	11142	11142	11142
SAOUHSC_00008	12370	12370	12370
SAOUHSC_01268	672	672	672
SAOUHSC_00041	1252	1252	1252
SAOUHSC_02837	394	394	394
SAOUHSC_00384	158	158	158
SAOUHSC_00080	1616	1613	1616
SAOUHSC_02001	11594	11594	11594
SAOUHSC_00961	97	97	97
SAOUHSC_01489	98	98	98
SAOUHSC_00136	93	93	93
SAOUHSC_01134	481	481	481
SAOUHSC_00220	4846	4846	4846
SAOUHSC_01650	2462	2462	2462
SAOUHSC_01849	5691	5691	5691
SAOUHSC_02151	1678	1678	1678
SAOUHSC_03048	101	101	101
SAOUHSC_02430	25191	25191	25191
SAOUHSC_00941	7506	7506	7506
SAOUHSC_01710	3292	3292	3292
SAOUHSC_00065	1955	1955	1955
SAOUHSC_02569	121	121	121
SAOUHSC_00948	18887	18887	18887
SAOUHSC_02905	362	362	362
SAOUHSC_03026	1143	1143	1143
SAOUHSC_01917	119	119	119
SAOUHSC_03028	5206	5206	5206
SAOUHSC_00178	3261	3261	3261
SAOUHSC_00256	1526	1526	1526
SAOUHSC_02912	23640	23640	23640
SAOUHSC_00132	289381	289381	289381
SAOUHSC_00422	1986	1986	1986
SAOUHSC_00962	659	659	659
SAOUHSC_02931	845	845	845
SAOUHSC_02986	640	640	640
SAOUHSC_01671	2207	2207	2207
SAOUHSC_02761	1454	1454	1454
SAOUHSC_01181	8481	8481	8481
SAOUHSC_02248	1259	1259	1259
SAOUHSC_01213	6457	6457	6457
SAOUHSC_01220	359	359	359
SAOUHSC_00221	7524	7524	7524
SAOUHSC_00740	2612	2612	2612
SAOUHSC_01464	19588	19588	19588
SAOUHSC_01899	350	350	350
SAOUHSC_01691	435	435	435
SAOUHSC_00222	10363	10363	10363
SAOUHSC_01110	2103	2103	2103
SAOUHSC_01008	1360	1360	1360
SAOUHSC_02449	1484	1484	1484
SAOUHSC_00845	118674	118674	118674
SAOUHSC_01414	4386	4386	4386
SAOUHSC_01640	60	60	60
SAOUHSC_02660	6202	6202	6202
SAOUHSC_01846	42109	42109	42109
SAOUHSC_00479	11896	11896	11896
SAOUHSC_02435	1324	1324	1324
SAOUHSC_00322	5371	5371	5371
SAOUHSC_02743	1403	1403	1403
SAOUHSC_00988	1927	1927	1927
SAOUHSC_02733	11722	11722	11722
SAOUHSC_01768	6679	6679	6679
SAOUHSC_02555	4404	4404	4404
SAOUHSC_00825	9082	9082	9082
SAOUHSC_02767	3322	3322	3322
SAOUHSC_01385	439	439	439
SAOUHSC_02960	5558	5558	5558
SAOUHSC_00276	725	570	725
SAOUHSC_02464	7163	7163	7163
SAOUHSC_00393	122	122	122
SAOUHSC_02471	1110	1110	1110
SAOUHSC_00007	2114	2114	2114
SAOUHSC_02593	2311	2311	2311
SAOUHSC_00176	4253	4253	4253
SAOUHSC_00885	7790	7790	7790
SAOUHSC_00177	5151	5151	5151
SAOUHSC_02719	575	575	575
SAOUHSC_02645	783	783	783
SAOUHSC_02842	247	247	247
nrdI	8552	8124	8552
SAOUHSC_00151	8160	8160	8160
SAOUHSC_02568	4252	4252	4252
SAOUHSC_01399	1649	1649	1649
SAOUHSC_00362	10467	10467	10467
SAOUHSC_00556	23934	23934	23934
SAOUHSC_00277	1153	1101	1153
SAOUHSC_02127	845	845	845
SAOUHSC_02911	2103	2103	2103
SAOUHSC_02014	3156	3156	3156
SAOUHSC_02790	6923	6923	6923
SAOUHSC_00678	8843	8843	8843
SAOUHSC_01296	559	559	559
SAOUHSC_02614	3859	3859	3859
SAOUHSC_01830	3430	3430	3430
SAOUHSC_01133	1739	1739	1739
SAOUHSC_01366	743	743	743
SAOUHSC_01657	2011	2011	2011
SAOUHSC_01440	601	601	601
SAOUHSC_01884	125047	125047	125047
SAOUHSC_02472	2237	2237	2237
SAOUHSC_00938	15389	15389	15389
SAOUHSC_00738	103219	103219	103219
SAOUHSC_02658	654	654	654
SAOUHSC_02910	6325	6325	6325
SAOUHSC_01835	2678	2674	2678
SAOUHSC_00314	2313	2313	2313
SAOUHSC_00707	4970	4970	4970
SAOUHSC_00052	129	120	129
SAOUHSC_01997	19731	19731	19731
SAOUHSC_02851	93	93	93
SAOUHSC_02801	13371	13371	13371
SAOUHSC_01986	9849	9849	9849
SAOUHSC_00143	2412	2412	2412
SAOUHSC_00081	821	820	821
SAOUHSC_02119	19395	19395	19395
SAOUHSC_01507	77	77	77
SAOUHSC_00204	7881	7881	7881
SAOUHSC_00810	452	452	452
SAOUHSC_00940	7845	7845	7845
SAOUHSC_00265	488	488	488
SAOUHSC_02739	4940	4940	4940
SAOUHSC_02259	7871	7871	7871
SAOUHSC_02523	2154	2154	2154
SAOUHSC_00586	503	503	503
SAOUHSC_02694	3367	3367	3367
SAOUHSC_01968	9896	9896	9896
SAOUHSC_02276	2714	2714	2714
SAOUHSC_03049	13425	13425	13425
SAOUHSC_02778	11839	11839	11839
SAOUHSC_01036	10681	10681	10681
SAOUHSC_02533	297	297	297
SAOUHSC_00297	5020	5020	5020
SAOUHSC_01062	9026	9026	9026
SAOUHSC_00218	52	52	52
SAOUHSC_00899	850	850	850
SAOUHSC_00082	1323	1323	1323
SAOUHSC_02863	165	165	165
SAOUHSC_00326	296	296	296
SAOUHSC_02587	10688	10688	10688
SAOUHSC_00381	464	464	464
SAOUHSC_01805	742	515	742
SAOUHSC_00359	2129	2129	2129
SAOUHSC_00880	3609	3609	3609
SAOUHSC_02949	1116	1116	1116
SAOUHSC_02695	1645	1645	1645
SAOUHSC_01279	3635	3635	3635
SAOUHSC_00410	1215	1215	1215
SAOUHSC_00555	2089	2089	2089
SAOUHSC_02553	2315	2315	2315
SAOUHSC_01343	7326	7326	7326
SAOUHSC_02247	932	932	932
SAOUHSC_02926	62535	62535	62535
purH	6089	6089	6089
SAOUHSC_02861	4686	4686	4686
SAOUHSC_00043	98	98	98
SAOUHSC_00392	450	450	450
SAOUHSC_02461	1047	1047	1047
SAOUHSC_01398	1026	1026	1026
SAOUHSC_01908	28304	28304	28304
SAOUHSC_02699	17264	17254	17264
SAOUHSC_01880	178	127	178
SAOUHSC_01781	19882	19882	19882
SAOUHSC_02546	5882	5882	5882
SAOUHSC_00742	49832	49387	49832
SAOUHSC_02729	166095	166095	166095
SAOUHSC_01706	1251	1251	1251
SAOUHSC_02700	5041	5041	5041
SAOUHSC_00181	7351	7351	7351
SAOUHSC_02093	3956	3956	3956
SAOUHSC_02304	9072	9072	9072
SAOUHSC_00621	1143	1143	1143
SAOUHSC_02532	599	599	599
SAOUHSC_01607	28	28	28
SAOUHSC_02775	1177	1177	1177
SAOUHSC_00062	115	115	115
SAOUHSC_02367	4191	4191	4191
SAOUHSC_02147	12102	12102	12102
SAOUHSC_01051	6251	6251	6251
SAOUHSC_00807	1794	1794	1794
SAOUHSC_00651	6218	6218	6218
SAOUHSC_02654	7104	7104	7104
SAOUHSC_00705	1089	1089	1089
SAOUHSC_02436	9911	9911	9911
SAOUHSC_02648	2889	2889	2889
SAOUHSC_01920	5167	5167	5167
SAOUHSC_02826	1510	1510	1510
SAOUHSC_00268	14714	14714	14714
SAOUHSC_00377	243	243	243
SAOUHSC_A02794	655	655	655
SAOUHSC_00106	434	434	434
SAOUHSC_02612	8256	8256	8256
SAOUHSC_01900	263	263	263
SAOUHSC_02691	1679	1679	1679
SAOUHSC_02552	1025	1025	1025
SAOUHSC_01639	33	33	33
holA	1118	1118	1118
SAOUHSC_00830	2671	2671	2671
SAOUHSC_00454	7234	7234	7234
SAOUHSC_00267	327	327	327
SAOUHSC_00835	22492	22492	22492
SAOUHSC_00508	10952	10952	10952
SAOUHSC_00607	8093	8093	8093
SAOUHSC_01319	361	361	361
SAOUHSC_01478	1323	1323	1323
SAOUHSC_00605	4881	4881	4881
SAOUHSC_00987	1915	1915	1915
SAOUHSC_01709	14545	14545	14545
SAOUHSC_01728	5215	5215	5215
SAOUHSC_00989	4664	4664	4664
SAOUHSC_00086	3119	3119	3119
SAOUHSC_02460	12413	12413	12413
SAOUHSC_00440	4	4	4
SAOUHSC_01992	8963	8963	8963
SAOUHSC_02888	452	452	452
SAOUHSC_02741	1879	1879	1879
SAOUHSC_02843	4268	4268	4268
SAOUHSC_02783	748	748	748
SAOUHSC_00083	1310	1310	1310
SAOUHSC_00840	3869	3869	3869
SAOUHSC_01313	973	973	973
SAOUHSC_02003	4566	4566	4566
SAOUHSC_02831	1568	1568	1568
SAOUHSC_00864	9987	9987	9987
SAOUHSC_00428	5920	5920	5920
SAOUHSC_02992	541	541	541
SAOUHSC_02403	78559	78559	78559
SAOUHSC_00888	8588	8588	8588
SAOUHSC_01708	8376	8376	8376
SAOUHSC_02686	2737	2737	2737
SAOUHSC_01340	4383	4383	4383
SAOUHSC_00698	7045	7045	7045
SAOUHSC_01975	20795	20795	20795
SAOUHSC_02924	357	357	357
SAOUHSC_00370	6061	6061	6061
SAOUHSC_01462	38223	38223	38223
SAOUHSC_00535	85549	85549	85549
SAOUHSC_02757	2286	2286	2286
SAOUHSC_02780	1812	1812	1812
SAOUHSC_01367	298	298	298
SAOUHSC_01941	87	87	87
SAOUHSC_00026	522	222	522
SAOUHSC_00683	1353	1353	1353
SAOUHSC_00687	4052	4052	4052
SAOUHSC_A01081	43	43	43
SAOUHSC_02520	9458	9458	9458
SAOUHSC_01400	1849	1849	1849
SAOUHSC_02374	3129	3129	3129
SAOUHSC_02625	8817	8817	8817
SAOUHSC_02547	6990	6990	6990
SAOUHSC_00304	4252	4252	4252
SAOUHSC_00378	373	373	373
SAOUHSC_00366	25492	25492	25492
SAOUHSC_02846	6990	6990	6990
SAOUHSC_00180	6538	6538	6538
SAOUHSC_02584	4562	4562	4562
SAOUHSC_00367	5113	5113	5113
SAOUHSC_02308	11126	11126	11126
SAOUHSC_02766	1148	1148	1148
SAOUHSC_02828	2336	2336	2336
SAOUHSC_02829	16224	16224	16224
SAOUHSC_02803	3948	3903	3948
SAOUHSC_02626	10077	10077	10077
SAOUHSC_00702	4122	4122	4122
SAOUHSC_01452	99	99	99
SAOUHSC_02640	373	373	373
SAOUHSC_02862	28918	28918	28918
SAOUHSC_00371	32362	32362	32362
SAOUHSC_01018	6837	6837	6837
SAOUHSC_01762	5136	5136	5136
SAOUHSC_02417	57800	57800	57800
SAOUHSC_01407	13065	13065	13065
SAOUHSC_02600	9514	9514	9514
SAOUHSC_01152	4752	4752	4752
SAOUHSC_02621	1030	1030	1030
SAOUHSC_00592	637	637	637
SAOUHSC_00010	438	438	438
SAOUHSC_01656	2790	2790	2790
SAOUHSC_00760	6924	6924	6924
SAOUHSC_00765	302	302	302
SAOUHSC_02669	5866	5866	5866
SAOUHSC_01991	485	485	485
SAOUHSC_02776	650	650	650
SAOUHSC_00179	7328	7328	7328
SAOUHSC_01479	2247	2247	2247
nusB	9374	9374	9374
ksgA	8175	8175	8175
SAOUHSC_00501	51989	51989	51989
SAOUHSC_01990	691	691	691
SAOUHSC_01947	879	879	879
SAOUHSC_02891	1515	1515	1515
SAOUHSC_02961	7107	7107	7107
SAOUHSC_00821	4675	4675	4675
SAOUHSC_02424	3260	3260	3260
SAOUHSC_02713	508	508	508
SAOUHSC_02663	4805	4805	4805
SAOUHSC_00441	2184	2184	2184
SAOUHSC_02779	9211	9211	9211
SAOUHSC_02284	204	204	204
SAOUHSC_02698	20125	20116	20125
SAOUHSC_00358	61922	61922	61922
SAOUHSC_01096	3424	3424	3424
SAOUHSC_00868	374	374	374
SAOUHSC_00161	487	487	487
SAOUHSC_02615	1750	1750	1750
SAOUHSC_02687	3400	3400	3400
SAOUHSC_00582	583	583	583
SAOUHSC_00979	6787	6787	6787
nrdF	35994	35994	35994
SAOUHSC_02816	5661	5661	5661
SAOUHSC_02879	8101	8101	8101
SAOUHSC_00092	1203	1203	1203
SAOUHSC_02597	12025	12025	12025
SAOUHSC_00928	116	116	116
SAOUHSC_00567	4547	4547	4547
SAOUHSC_01609	13510	13505	13510
SAOUHSC_01597	9091	9091	9091
SAOUHSC_01818	283821	283821	283821
SAOUHSC_00027	1877	768	1877
SAOUHSC_00602	530	530	530
SAOUHSC_02632	4806	4806	4806
spxA	92350	92350	92350
SAOUHSC_00381a	49	49	49
SAOUHSC_00402	730	730	730
SAOUHSC_02774	7170	7170	7170
SAOUHSC_00192	1729	1729	1729
SAOUHSC_02628	3604	3604	3604
SAOUHSC_00386	133	133	133
SAOUHSC_01998	14546	14546	14546
SAOUHSC_01712	5999	5999	5999
SAOUHSC_01823	1277	1277	1277
SAOUHSC_02522	1714	1714	1714
SAOUHSC_01606	14944	14944	14944
SAOUHSC_01928	315	315	315
SAOUHSC_01711	8172	8172	8172
SAOUHSC_02845	4650	4650	4650
SAOUHSC_00124	640	640	640
SAOUHSC_01380	697	697	697
SAOUHSC_00247	2079	2079	2079
SAOUHSC_02662	336	336	336
SAOUHSC_01314	1800	1800	1800
SAOUHSC_00732	28259	28259	28259
SAOUHSC_02125	9481	9481	9481
SAOUHSC_02962	4785	4785	4785
SAOUHSC_01837	9209	9209	9209
SAOUHSC_02815	158752	158752	158752
SAOUHSC_00898	1746	1746	1746
SAOUHSC_00684	323	323	323
SAOUHSC_02445	7345	7345	7345
SAOUHSC_02647	75199	75199	75199
SAOUHSC_00213	429	429	429
SAOUHSC_01332	6930	6930	6930
SAOUHSC_01864	6945	6945	6945
SAOUHSC_02373	3541	3541	3541
SAOUHSC_01845	563732	563732	563732
SAOUHSC_00429	2714	2714	2714
SAOUHSC_02249	939	939	939
SAOUHSC_00642	16272	16272	16272
SAOUHSC_00614	5302	5302	5302
SAOUHSC_00784	11378	11378	11378
SAOUHSC_02301	38254	38254	38254
SAOUHSC_02554	22000	22000	22000
SAOUHSC_01840	2356	2356	2356
trpD	381	381	381
SAOUHSC_01758	3257	3257	3257
SAOUHSC_02791	1933	1933	1933
SAOUHSC_02656	2329	2329	2329
SAOUHSC_02690	7518	7518	7518
SAOUHSC_00755	4075	4075	4075
SAOUHSC_00285	14071	14071	14071
SAOUHSC_01219	722	722	722
SAOUHSC_R0006	12517	312	12517
lspA	1124	1124	1124
SAOUHSC_02929	52845	52845	52845
SAOUHSC_00284	6521	6521	6521
SAOUHSC_00726	2960	2960	2960
SAOUHSC_00703	6243	6243	6243
SAOUHSC_02751	6341	6341	6341
SAOUHSC_00960	11965	11965	11965
SAOUHSC_00150	311	311	311
SAOUHSC_02742	2937	2937	2937
SAOUHSC_02149	4210	4210	4210
SAOUHSC_00107	1883	1883	1883
SAOUHSC_00615	8995	8995	8995
SAOUHSC_02594	7410	7410	7410
SAOUHSC_02636	4106	4106	4106
SAOUHSC_02655	2	2	2
SAOUHSC_01591	5766	5766	5766
SAOUHSC_00816	747	747	747
SAOUHSC_02627	24154	24154	24154
SAOUHSC_02958	371	371	371
SAOUHSC_01405	3169	3169	3169
SAOUHSC_02818	709	709	709
SAOUHSC_01783	575	575	575
SAOUHSC_02146	4666	4666	4666
SAOUHSC_A02189	2413	2413	2413
SAOUHSC_00405	5933	5933	5933
aroB	3659	3659	3659
SAOUHSC_00093	6569	6569	6569
SAOUHSC_01228	29302	29302	29302
SAOUHSC_01224	11111	11111	11111
SAOUHSC_02830	7913	7913	7913
SAOUHSC_02740	5407	5407	5407
SAOUHSC_02653	2273	2273	2273
SAOUHSC_00672	4571	4571	4571
SAOUHSC_00094	12979	12979	12979
SAOUHSC_00056	12667	12667	12667
SAOUHSC_00482	7115	7115	7115
SAOUHSC_00345	2272	2272	2272
SAOUHSC_00404	1061	1061	1061
SAOUHSC_03030	22281	22281	22281
SAOUHSC_02307	4945	4945	4945
SAOUHSC_02590	43214	43214	43214
SAOUHSC_00332	2100	2100	2100
SAOUHSC_00185	3276	3276	3276
SAOUHSC_01386	374	374	374
SAOUHSC_01044	2428	2428	2428
SAOUHSC_02864	1892	1892	1892
SAOUHSC_02677	3828	3828	3828
SAOUHSC_00047	487	487	487
SAOUHSC_01698	4184	4184	4184
SAOUHSC_02728	894	894	894
SAOUHSC_00665	4754	4754	4754
SAOUHSC_01773	4464	4464	4464
SAOUHSC_00278	847	824	847
SAOUHSC_01103	35534	35534	35534
SAOUHSC_00754	3576	3576	3576
SAOUHSC_00186	2092	2092	2092
SAOUHSC_00382	2278	2278	2278
SAOUHSC_02420	2442	2442	2442
SAOUHSC_00316	535	535	535
SAOUHSC_00767	98379	98379	98379
SAOUHSC_00889	63749	63749	63749
SAOUHSC_00883	8198	8198	8198
SAOUHSC_02714	553	553	553
SAOUHSC_00773	497	497	497
SAOUHSC_02447	35913	35913	35913
SAOUHSC_02009	12312	12312	12312
SAOUHSC_02418	4395	4395	4395
SAOUHSC_01926	784	784	784
SAOUHSC_02351	40758	40758	40758
panB	13751	13751	13751
SAOUHSC_02936	1963	1963	1963
SAOUHSC_01081	5994	5994	5994
SAOUHSC_01719	19446	19446	19446
rnc	3952	3952	3952
SAOUHSC_02827	2817	2817	2817
SAOUHSC_00562	31885	31885	31885
SAOUHSC_02995	2285	2285	2285
SAOUHSC_02610	18636	18636	18636
SAOUHSC_00606	19906	19906	19906
SAOUHSC_01260	9946	9946	9946
SAOUHSC_02010	3922	3922	3922
SAOUHSC_01419	9394	9394	9394
SAOUHSC_00096	4660	4660	4660
SAOUHSC_00287	11899	11899	11899
SAOUHSC_02303	27972	27971	27972
SAOUHSC_02404	3591	3591	3591
SAOUHSC_02550	10262	10262	10262
SAOUHSC_01318	9092	9092	9092
SAOUHSC_02972	10095	10095	10095
SAOUHSC_01638	130	127	130
SAOUHSC_00939	12190	12190	12190
SAOUHSC_02750	3086	3086	3086
SAOUHSC_02402	38216	38216	38216
SAOUHSC_01459	2440	2440	2440
SAOUHSC_01747	23236	23236	23236
SAOUHSC_02649	14634	14634	14634
SAOUHSC_00863	2551	2551	2551
SAOUHSC_00616	15216	15216	15216
SAOUHSC_02444	35871	35871	35871
SAOUHSC_02545	8331	8331	8331
SAOUHSC_00881	4938	4938	4938
SAOUHSC_01066	17377	17377	17377
SAOUHSC_01721	17384	17384	17384
SAOUHSC_01439	2502	2502	2502
SAOUHSC_02383	20504	20504	20504
SAOUHSC_00547	7335	7335	7335
SAOUHSC_01138	24470	24470	24470
SAOUHSC_02148	4021	4021	4021
SAOUHSC_01593	4012	4012	4012
SAOUHSC_00452	21603	21603	21603
SAOUHSC_00596	385	385	385
SAOUHSC_02689	1194	1194	1194
SAOUHSC_02916	7131	7131	7131
SAOUHSC_00733	949	949	949
SAOUHSC_01590	1177	1177	1177
hisZ	89	89	89
SAOUHSC_01929	65	65	65
SAOUHSC_01615	30539	30539	30539
SAOUHSC_00995	1042	1042	1042
SAOUHSC_00477	31993	31993	31993
SAOUHSC_02974	2667	2667	2667
SAOUHSC_00420	1151	1151	1151
SAOUHSC_02718	1101	1101	1101
SAOUHSC_00532	168667	168667	168667
SAOUHSC_00603	16956	16956	16956
SAOUHSC_00168	209	209	209
SAOUHSC_00248	7322	7322	7322
SAOUHSC_00067	44258	44258	44258
mraY	16306	16306	16306
SAOUHSC_02676	6509	6509	6509
SAOUHSC_01495	379	379	379
SAOUHSC_00330	2823	2823	2823
argC	543	543	543
SAOUHSC_00759	4709	4709	4709
SAOUHSC_02715	195	195	195
SAOUHSC_02665	14272	14272	14272
SAOUHSC_01985	5416	5416	5416
SAOUHSC_01987	46701	46701	46701
SAOUHSC_02909	17529	17529	17529
SAOUHSC_02812	2892	2892	2892
SAOUHSC_00465	18113	18113	18113
SAOUHSC_03035	1314	1314	1314
SAOUHSC_00818	353	353	353
SAOUHSC_00463	4723	4723	4723
SAOUHSC_02563	2648	2648	2648
SAOUHSC_02281	264	264	264
SAOUHSC_02781	891	891	891
SAOUHSC_00051	252	252	252
SAOUHSC_00664	7062	7062	7062
SAOUHSC_00480	19975	19975	19975
SAOUHSC_01468	1474	1474	1474
SAOUHSC_02090	7004	7004	7004
trmB	10598	10598	10598
SAOUHSC_00971	779	779	779
SAOUHSC_01951	203	203	203
SAOUHSC_01641	78	78	78
ureA	845	845	845
SAOUHSC_00832	3063	3063	3063
SAOUHSC_01666	133357	133357	133357
SAOUHSC_01977	99096	99096	99096
SAOUHSC_02541	3521	3521	3521
SAOUHSC_00169	219	219	219
SAOUHSC_01364	12578	12578	12578
SAOUHSC_02473	826	826	826
SAOUHSC_01360	6791	6791	6791
SAOUHSC_01115	1258	1258	1258
SAOUHSC_02930	2770	2770	2770
SAOUHSC_02853	161734	161734	161734
SAOUHSC_01026	7492	7492	7492
SAOUHSC_00668	7372	7372	7372
hisB	104	104	104
SAOUHSC_00298	2830	2830	2830
SAOUHSC_00531	8852	8852	8852
SAOUHSC_02644	5697	5697	5697
SAOUHSC_03019	928	928	928
SAOUHSC_00699	11701	11701	11701
SAOUHSC_00391	260	260	260
SAOUHSC_01665	4292	4292	4292
SAOUHSC_01824	3289	3289	3289
SAOUHSC_00374	40112	40112	40112
SAOUHSC_00037	6614	6614	6614
SAOUHSC_01312	215	215	215
SAOUHSC_00200	2240	2240	2240
SAOUHSC_00064	711	711	711
SAOUHSC_00430	4503	4503	4503
SAOUHSC_00334	6427	6427	6427
SAOUHSC_00315	627	627	627
SAOUHSC_02002	177	177	177
SAOUHSC_02463	1431	1431	1431
SAOUHSC_00833	10106	10106	10106
SAOUHSC_00764	9188	9188	9188
SAOUHSC_02110	4152	4152	4152
SAOUHSC_02474	4252	4252	4252
SAOUHSC_01470	5266	5266	5266
rnpA	700	700	700
SAOUHSC_02133	13996	13996	13996
SAOUHSC_01061	11456	11456	11456
murG	17045	17045	17045
SAOUHSC_02322	1260	1260	1260
SAOUHSC_00836	177829	177829	177829
SAOUHSC_00933	23737	23737	23737
SAOUHSC_00613	5976	5976	5976
SAOUHSC_02092	64644	64644	64644
SAOUHSC_02623	17954	17954	17954
SAOUHSC_01974	67608	67608	67608
SAOUHSC_00663	21201	21201	21201
SAOUHSC_00055	497	478	497
SAOUHSC_00831	4777	4777	4777
SAOUHSC_02659	5637	5637	5637
SAOUHSC_02652	16470	16470	16470
rpsT	20434	20434	20434
SAOUHSC_02131	7068	7063	7068
SAOUHSC_02613	7195	7195	7195
SAOUHSC_02161	973	973	973
SAOUHSC_00950	1851	1851	1851
cmk	12072	12072	12072
SAOUHSC_02935	2668	2668	2668
SAOUHSC_01819	31786	31786	31786
SAOUHSC_00406	15108	15108	15108
SAOUHSC_01832	1367	1367	1367
SAOUHSC_01282	14731	14731	14731
SAOUHSC_01643	516	516	516
SAOUHSC_01206	2207	2207	2207
SAOUHSC_00891	63883	63883	63883
SAOUHSC_02401	120311	120311	120311
SAOUHSC_02685	79	79	79
SAOUHSC_02833	392	392	392
SAOUHSC_00296	2719	2719	2719
SAOUHSC_02897	873	873	873
SAOUHSC_01174	9359	9359	9359
SAOUHSC_01649	11643	11643	11643
SAOUHSC_01981	5385	5385	5385
SAOUHSC_01964	38143	38143	38143
SAOUHSC_00787	13260	13260	13260
SAOUHSC_01048	904	904	904
SAOUHSC_02793	27948	27948	27948
SAOUHSC_00156	16235	16235	16235
SAOUHSC_01661	2501	2501	2501
SAOUHSC_01019	1583	1583	1583
SAOUHSC_00407	5443	5443	5443
SAOUHSC_00648	40227	40227	40227
SAOUHSC_02747	6631	6631	6631
SAOUHSC_00305	1651	1651	1651
SAOUHSC_01831	5997	5997	5997
SAOUHSC_02867	1892	1892	1892
SAOUHSC_02531	461	461	461
SAOUHSC_02797	606	606	606
miaA	5598	5598	5598
SAOUHSC_00499	157892	157892	157892
SAOUHSC_01040	559000	559000	559000
SAOUHSC_02443	114857	114857	114857
SAOUHSC_00820	5582	5582	5582
SAOUHSC_01914	6283	6283	6283
SAOUHSC_02711	131	131	131
SAOUHSC_01358	26008	26008	26008
SAOUHSC_02135	5493	5493	5493
SAOUHSC_02994	7320	7320	7320
SAOUHSC_00584	8518	8518	8518
SAOUHSC_02096	27139	27139	27139
SAOUHSC_01326	8687	8687	8687
panC	14296	14296	14296
SAOUHSC_00629	608	608	608
SAOUHSC_00932	433	433	433
SAOUHSC_00426	539	539	539
SAOUHSC_02963	53888	53052	53888
rbfA	9387	9387	9387
SAOUHSC_01086	473	463	473
SAOUHSC_01379	665	665	665
SAOUHSC_01108	6464	6464	6464
engB	2683	2683	2683
SAOUHSC_00103	211	211	211
SAOUHSC_00644	13862	13862	13862
SAOUHSC_02996	787	787	787
SAOUHSC_02150	38203	38203	38203
SAOUHSC_00424	154	154	154
SAOUHSC_02902	595	595	595
SAOUHSC_01225	12112	12112	12112
SAOUHSC_00875	57443	57443	57443
SAOUHSC_02987	1146	1146	1146
SAOUHSC_01978	3328	3328	3328
SAOUHSC_02103	2867	2867	2867
SAOUHSC_02871	8467	8467	8467
SAOUHSC_00919	13438	13438	13438
SAOUHSC_02091	35050	35050	35050
SAOUHSC_02970	155	155	155
SAOUHSC_01455	54735	54735	54735
SAOUHSC_00138	177	177	177
SAOUHSC_01911	740	603	740
SAOUHSC_02825	334	334	334
SAOUHSC_00237	971	971	971
SAOUHSC_01371	312	312	312
SAOUHSC_02993	507	507	507
SAOUHSC_00475	6215	6215	6215
SAOUHSC_00638	8566	8566	8566
SAOUHSC_02980	12226	12226	12226
SAOUHSC_02661	1984	1984	1984
SAOUHSC_03012	192	192	192
SAOUHSC_00944	8536	8536	8536
SAOUHSC_02908	4150	4150	4150
SAOUHSC_03020	124	124	124
SAOUHSC_02915	2732	2732	2732
rpsQ	24318	24318	24318
SAOUHSC_00242	3737	3737	3737
SAOUHSC_03013	235	235	235
SAOUHSC_02370	12922	12922	12922
SAOUHSC_00565	7628	7628	7628
SAOUHSC_R00011	7	5	7
SAOUHSC_02675	4086	4086	4086
SAOUHSC_02551	2795	2795	2795
SAOUHSC_00904	24175	24175	24175
SAOUHSC_01966	16096	16096	16096
SAOUHSC_02834	11040	11040	11040
SAOUHSC_00617	39420	39420	39420
SAOUHSC_00342	4110	4110	4110
SAOUHSC_00564	7872	7872	7872
SAOUHSC_01384	499	499	499
SAOUHSC_00963	20367	20367	20367
SAOUHSC_02595	1183	1183	1183
SAOUHSC_00766	219	219	219
SAOUHSC_01283	4918	4918	4918
SAOUHSC_02143	22865	22865	22865
SAOUHSC_00893	15850	15850	15850
SAOUHSC_00708	19069	19069	19069
SAOUHSC_02921	3850	3850	3850
SAOUHSC_02697	29223	29223	29223
SAOUHSC_01882	21997	21997	21997
SAOUHSC_02375	25155	25155	25155
SAOUHSC_01433	32746	32746	32746
SAOUHSC_00716	4425	4425	4425
SAOUHSC_02428	5257	5257	5257
SAOUHSC_02997	671	671	671
SAOUHSC_00327	504	504	504
SAOUHSC_01594	29058	29058	29058
SAOUHSC_02901	589	589	589
SAOUHSC_00959	17098	17098	17098
SAOUHSC_02386	3483	3481	3483
SAOUHSC_02391	10335	10335	10335
SAOUHSC_00137	253	253	253
SAOUHSC_02881	16199	16199	16199
SAOUHSC_01782	15672	15672	15672
SAOUHSC_02158	50700	50700	50700
SAOUHSC_02596	978	978	978
SAOUHSC_01483	5937	5937	5937
SAOUHSC_00714	33230	33230	33230
SAOUHSC_00739	2200	2200	2200
SAOUHSC_01065	7440	7440	7440
SAOUHSC_00456	3637	3637	3637
SAOUHSC_00333	4206	4206	4206
SAOUHSC_02371	11954	11954	11954
SAOUHSC_00873	28705	28705	28705
SAOUHSC_01002	226434	226434	226434
SAOUHSC_01821	15434	15434	15434
moaC	8016	8016	8016
SAOUHSC_00500	95324	95324	95324
SAOUHSC_01039	22984	22984	22984
SAOUHSC_01677	41395	41395	41395
SAOUHSC_00776	9110	9110	9110
SAOUHSC_02427	3692	3692	3692
SAOUHSC_02300	21841	21840	21841
SAOUHSC_02111	3064	3064	3064
SAOUHSC_01746	60379	60379	60379
SAOUHSC_02693	290	290	290
SAOUHSC_00295	5773	5773	5773
SAOUHSC_00886	40476	40476	40476
SAOUHSC_01734	20352	20352	20352
SAOUHSC_00216	468	468	468
SAOUHSC_02969	138	138	138
SAOUHSC_00318	2358	2358	2358
SAOUHSC_01069	11787	11787	11787
SAOUHSC_00666	6987	6987	6987
rpsA	181692	181692	181692
SAOUHSC_01054	26343	26343	26343
SAOUHSC_01589	6465	6465	6465
SAOUHSC_01365	24736	24736	24736
SAOUHSC_02434	6440	6440	6440
gcvT	136256	136256	136256
sucC	532190	532190	532190
SAOUHSC_02101	1401	1401	1401
SAOUHSC_01127	109	109	109
SAOUHSC_02565	3652	3652	3652
SAOUHSC_00533	55324	55324	55324
SAOUHSC_02577	70400	70400	70400
rpsN_1	776	776	776
SAOUHSC_01463	53539	53539	53539
SAOUHSC_00696	13646	13646	13646
SAOUHSC_00731	21970	21970	21970
mobA	8191	8191	8191
SAOUHSC_02692	1459	1459	1459
SAOUHSC_02643	1791	1791	1791
SAOUHSC_A00354	27	27	27
SAOUHSC_03017	226	226	226
SAOUHSC_02859	29451	29451	29451
SAOUHSC_01797	58216	58216	58216
SAOUHSC_00481	5197	5197	5197
SAOUHSC_00113	1238	1238	1238
SAOUHSC_00338	2008	2008	2008
leuD	227	227	227
SAOUHSC_00771	8423	8423	8423
SAOUHSC_00643	11412	11412	11412
SAOUHSC_01375	3661	3661	3661
infA	19383	19383	19383
SAOUHSC_02557	473	473	473
SAOUHSC_A00992	1107	1090	1107
SAOUHSC_02269	11751	11751	11751
SAOUHSC_01694	15763	15763	15763
SAOUHSC_00622	124	124	124
SAOUHSC_00587	1008	1008	1008
SAOUHSC_02876	5679	5679	5679
SAOUHSC_02260	11516	11516	11516
SAOUHSC_01629	13248	13248	13248
SAOUHSC_02788	1829	1829	1829
SAOUHSC_01480	10996	10996	10996
SAOUHSC_01836	26637	26637	26637
SAOUHSC_02985	8999	8999	8999
SAOUHSC_01825	2458	2458	2458
guaA	56005	56005	56005
SAOUHSC_02134	5584	5584	5584
SAOUHSC_00331	515	515	515
SAOUHSC_01660	8231	8231	8231
SAOUHSC_00489	6151	6151	6151
SAOUHSC_00812	66645	66626	66645
SAOUHSC_00538	9967	9967	9967
SAOUHSC_02006	13188	13188	13188
SAOUHSC_01633	231315	231315	231315
SAOUHSC_01608	1275	1271	1275
SAOUHSC_02433	3245	3245	3245
SAOUHSC_01630	26884	26884	26884
SAOUHSC_00690	42641	42641	42641
SAOUHSC_00013	602	602	602
SAOUHSC_01041	432809	432809	432809
SAOUHSC_00002	34492	34492	34492
SAOUHSC_00190	2620	2620	2620
SAOUHSC_02544	4237	4237	4237
SAOUHSC_00952	18223	18223	18223
SAOUHSC_01980	3721	3721	3721
SAOUHSC_00423	230	230	230
SAOUHSC_00142	318	318	318
SAOUHSC_00906	129033	129033	129033
SAOUHSC_00964	2668	2668	2668
SAOUHSC_02000	19285	19285	19285
SAOUHSC_01348	6976	6976	6976
SAOUHSC_00450	4833	4833	4833
SAOUHSC_01904	250	250	250
SAOUHSC_00884	4789	4789	4789
tmk	4353	4353	4353
SAOUHSC_00337	3410	3410	3410
SAOUHSC_02736	6817	6817	6817
SAOUHSC_00214	101	101	101
SAOUHSC_02382	1963	1963	1963
SAOUHSC_00552	9356	9356	9356
SAOUHSC_00763	7382	7382	7382
ureE	2339	2339	2339
SAOUHSC_01870	15201	15201	15201
SAOUHSC_01001	391427	391427	391427
SAOUHSC_02765	656	656	656
SAOUHSC_02877	17161	17161	17161
SAOUHSC_01267	18840	18840	18840
rpsH	31073	31073	31073
SAOUHSC_00686	21380	21380	21380
SAOUHSC_01653	332466	332466	332466
SAOUHSC_01160	5857	5857	5857
SAOUHSC_00572	4355	4355	4355
SAOUHSC_00219	1171	1171	1171
SAOUHSC_01982	16549	16549	16549
gltD	1306	1306	1306
SAOUHSC_00029	2	2	2
SAOUHSC_01122	1	1	1
SAOUHSC_01833	2155	2155	2155
SAOUHSC_01490	479831	479831	479831
SAOUHSC_02941	526	526	526
coaD	9069	9069	9069
SAOUHSC_01125	122	122	122
SAOUHSC_00344	3822	3822	3822
SAOUHSC_01007	84949	84949	84949
SAOUHSC_02426	1894	1894	1894
SAOUHSC_01752	5287	5287	5287
SAOUHSC_01043	697490	697490	697490
SAOUHSC_00679	15966	15966	15966
SAOUHSC_00720	1896	1896	1896
SAOUHSC_01027	16916	16916	16916
SAOUHSC_00670	42809	42809	42809
SAOUHSC_01792	19094	19094	19094
SAOUHSC_00170	470	470	470
SAOUHSC_00817	295	295	295
acpS	5755	5755	5755
SAOUHSC_02376	40969	40969	40969
SAOUHSC_00758	3814	3814	3814
SAOUHSC_00167	752	752	752
SAOUHSC_00779	13951	13951	13951
hslU	47453	47453	47453
SAOUHSC_01042	637600	637600	637600
SAOUHSC_00756	14164	14164	14164
SAOUHSC_00281	270	270	270
SAOUHSC_00571	2717	2717	2717
SAOUHSC_02372	14060	14060	14060
SAOUHSC_02822	109808	109808	109808
SAOUHSC_01144	49960	49952	49960
murD	34989	34989	34989
SAOUHSC_00369	40973	40973	40973
nadE	13100	13100	13100
SAOUHSC_00317	17850	17850	17850
SAOUHSC_01924	45	45	45
SAOUHSC_01156	12397	12397	12397
SAOUHSC_02967	475	475	475
SAOUHSC_00652	15873	15873	15873
SAOUHSC_01053	2902	2902	2902
SAOUHSC_02716	38	38	38
SAOUHSC_02880	13723	13723	13723
SAOUHSC_02126	41802	41802	41802
SAOUHSC_01602	3550	3550	3550
SAOUHSC_02305	19539	19539	19539
SAOUHSC_02287	525	525	525
secY_1	128196	128196	128196
SAOUHSC_02406	16559	16559	16559
SAOUHSC_00542	15935	15935	15935
SAOUHSC_00444	41795	41795	41795
SAOUHSC_00604	47579	47579	47579
SAOUHSC_02137	27758	27758	27758
SAOUHSC_02321	1199	1199	1199
SAOUHSC_02823	5372	5372	5372
SAOUHSC_02407	20859	20859	20859
SAOUHSC_01787	10046	10046	10046
SAOUHSC_01255	10232	10232	10232
SAOUHSC_01000	132657	132657	132657
SAOUHSC_01871	19076	19076	19076
SAOUHSC_01903	410	410	410
rocD	227398	227398	227398
SAOUHSC_02516	18031	18031	18031
SAOUHSC_00911	882	882	882
SAOUHSC_00645	6259	6259	6259
SAOUHSC_01064	24712	24712	24712
SAOUHSC_01732	15059	15059	15059
SAOUHSC_00895	411800	411800	411800
SAOUHSC_02913	2633	2633	2633
SAOUHSC_01076	5713	5713	5713
SAOUHSC_02334	825	825	825
SAOUHSC_01693	1286	1286	1286
SAOUHSC_01139	1955	1955	1955
SAOUHSC_00184	2492	2492	2492
SAOUHSC_00942	22701	22701	22701
SAOUHSC_01989	7907	7907	7907
SAOUHSC_01034	4527	4527	4527
SAOUHSC_01720	27982	27982	27982
SAOUHSC_00217	628	628	628
SAOUHSC_00892	7686	7686	7686
SAOUHSC_02581	16774	16774	16774
SAOUHSC_00431	4009	4009	4009
SAOUHSC_02875	5691	5691	5691
SAOUHSC_02947	9605	9605	9605
recA	73126	73126	73126
SAOUHSC_00306	4064	4064	4064
SAOUHSC_00969	80	80	80
SAOUHSC_00581	3050	3050	3050
SAOUHSC_00951	69027	69027	69027
SAOUHSC_01488	8271	8240	8271
SAOUHSC_01420	8010	8010	8010
SAOUHSC_01874	4936	4936	4936
SAOUHSC_00909	19363	19363	19363
SAOUHSC_02591	4944	4944	4944
SAOUHSC_01827	107463	107463	107463
SAOUHSC_02927	466101	466101	466101
rpmJ	13393	13393	13393
SAOUHSC_02366	256344	256344	256344
SAOUHSC_T00034	531	531	531
SAOUHSC_01718	2498	2498	2498
SAOUHSC_01872	9819	9819	9819
SAOUHSC_00455	8452	8452	8452
glmU	85981	85981	85981
SAOUHSC_02982	45488	45488	45488
SAOUHSC_01382	228	228	228
SAOUHSC_01820	57982	57982	57982
SAOUHSC_02299	32126	32105	32126
SAOUHSC_01218	526987	526987	526987
SAOUHSC_02442	45824	45824	45824
SAOUHSC_01350	9615	9615	9615
SAOUHSC_01158	34254	34254	34254
SAOUHSC_00999	69483	69483	69483
SAOUHSC_02760	11442	11442	11442
SAOUHSC_00033	558	558	558
SAOUHSC_00573	54476	54476	54476
SAOUHSC_02983	12296	12296	12296
dnaA	33580	33580	33580
SAOUHSC_01204	30634	30634	30634
SAOUHSC_02112	1732	1732	1732
uhpT	2346	2346	2346
SAOUHSC_00502	9724	9724	9724
SAOUHSC_02844	33816	33816	33816
SAOUHSC_01949	1446	1446	1446
SAOUHSC_01625	64483	64483	64483
SAOUHSC_01807	48772	48772	48772
SAOUHSC_00009	44270	44270	44270
SAOUHSC_02527	25463	25463	25463
SAOUHSC_01441	4191	4149	4191
SAOUHSC_02922	26681	26681	26681
rplE	46662	46662	46662
SAOUHSC_01501	122845	122845	122845
SAOUHSC_00554	73508	73508	73508
SAOUHSC_01189	12690	12690	12690
SAOUHSC_00553	66665	66665	66665
SAOUHSC_01988	2686	2686	2686
SAOUHSC_00781	20931	20931	20931
SAOUHSC_01596	3334	3334	3334
SAOUHSC_01254	10982	10982	10982
SAOUHSC_01188	13258	13258	13258
rimM	1353	1353	1353
SAOUHSC_00457	1482	1482	1482
SAOUHSC_02712	522	522	522
SAOUHSC_00472	78588	78588	78588
SAOUHSC_02785	1004	1004	1004
SAOUHSC_02535	706	703	706
SAOUHSC_01251	84682	84682	84682
SAOUHSC_00653	4929	4929	4929
SAOUHSC_01907	15577	15577	15577
SAOUHSC_01860	10277	10277	10277
SAOUHSC_02789	1331	1331	1331
SAOUHSC_02538	2661	2661	2661
SAOUHSC_01869	22131	22131	22131
SAOUHSC_01190	11255	11255	11255
SAOUHSC_02262	9314	9314	9314
SAOUHSC_01605	112940	112940	112940
SAOUHSC_00543	10525	10525	10525
SAOUHSC_01165	3521	3521	3521
SAOUHSC_01338	18445	18445	18445
SAOUHSC_01114	2407	2407	2407
SAOUHSC_00887	11427	11427	11427
SAOUHSC_01333	13831	13831	13831
SAOUHSC_02457	4071	4071	4071
SAOUHSC_00365	106401	106401	106401
SAOUHSC_00715	33999	33999	33999
SAOUHSC_01595	1141	1141	1141
SAOUHSC_01362	10768	10768	10768
SAOUHSC_02456	5435	5435	5435
SAOUHSC_02468	2595	2595	2595
SAOUHSC_02984	11824	11824	11824
SAOUHSC_00713	18436	18436	18436
SAOUHSC_02289	603	603	603
SAOUHSC_01741	10235	10235	10235
SAOUHSC_00488	64560	64560	64560
SAOUHSC_00877	8843	8843	8843
SAOUHSC_00935	41401	41401	41401
SAOUHSC_01427	20584	20584	20584
SAOUHSC_02896	382	382	382
SAOUHSC_00910	26889	26889	26889
SAOUHSC_01850	47189	47189	47189
SAOUHSC_01775	3564	3564	3564
SAOUHSC_00147	742	742	742
SAOUHSC_01955	105	105	105
SAOUHSC_00102	351	351	351
SAOUHSC_00661	2364	2364	2364
SAOUHSC_02727	12803	12803	12803
SAOUHSC_01817	1785	1785	1785
SAOUHSC_01259	9571	9571	9571
SAOUHSC_00757	37415	37415	37415
SAOUHSC_00724	1893	1893	1893
SAOUHSC_02704	2426	2426	2426
SAOUHSC_01828	6692	6692	6692
SAOUHSC_02964	2028	2028	2028
SAOUHSC_01890	4101	4101	4101
SAOUHSC_02723	11261	11261	11261
SAOUHSC_02579	12833	12833	12833
SAOUHSC_02142	17015	17015	17015
rplN	40779	40779	40779
SAOUHSC_02400	139151	139151	139151
SAOUHSC_02410	1735	0	1735
SAOUHSC_01233	2881	2881	2881
SAOUHSC_00640	10848	10848	10848
fumC	119113	119113	119113
SAOUHSC_00641	27057	27057	27057
SAOUHSC_T00040	1045	1045	1045
SAOUHSC_00819	38708	38708	38708
SAOUHSC_T00044	718	0	718
SAOUHSC_02095	35511	35511	35511
SAOUHSC_01341	2780	2780	2780
SAOUHSC_01895	22334	22334	22334
SAOUHSC_02679	103	103	103
SAOUHSC_02387	8094	8094	8094
SAOUHSC_00319	3552	3552	3552
SAOUHSC_01128	578	578	578
rplV	33983	33983	33983
cysS	16759	16759	16759
SAOUHSC_00301	6622	6622	6622
SAOUHSC_02441	375299	375299	375299
SAOUHSC_00461	68213	68213	68213
SAOUHSC_01632	282969	282969	282969
SAOUHSC_01257	7692	7692	7692
SAOUHSC_02998	246	246	246
SAOUHSC_00681	9643	9643	9643
SAOUHSC_00908	43499	43499	43499
SAOUHSC_00730	13100	13100	13100
SAOUHSC_01876	5933	5933	5933
SAOUHSC_01450	270	270	270
SAOUHSC_02152	8249	8249	8249
SAOUHSC_00085	1648	1648	1648
SAOUHSC_02907	859	859	859
SAOUHSC_02943	992	992	992
trmE	6504	6504	6504
SAOUHSC_02296	9576	9576	9576
SAOUHSC_00028	12	12	12
SAOUHSC_T00042	1522	0	1522
SAOUHSC_01423	12013	12013	12013
SAOUHSC_02869	819561	819561	819561
ruvA	8465	8465	8465
rplR	34060	34060	34060
secG	11606	11606	11606
SAOUHSC_00782	10042	10042	10042
SAOUHSC_01025	42421	42421	42421
SAOUHSC_01377	2092	2092	2092
SAOUHSC_01916	11350	11350	11350
SAOUHSC_01939	108	108	108
SAOUHSC_00139	668	668	668
SAOUHSC_02121	23307	23307	23307
SAOUHSC_01868	59982	59982	59982
SAOUHSC_03027	572	572	572
SAOUHSC_00414	22088	22088	22088
SAOUHSC_02136	2800	2800	2800
SAOUHSC_01692	6586	6586	6586
gidB	4285	4285	4285
SAOUHSC_01142	84429	84429	84429
SAOUHSC_01091	9288	9288	9288
SAOUHSC_02920	6377	6377	6377
SAOUHSC_00434	1217	1217	1217
SAOUHSC_02422	10853	10853	10853
SAOUHSC_01192	14303	14303	14303
SAOUHSC_T00041	2021	2021	2021
SAOUHSC_01060	4143	4143	4143
SAOUHSC_00632	4549	4549	4549
SAOUHSC_00483	58214	58214	58214
SAOUHSC_01089	347	347	347
SAOUHSC_01610	15002	15002	15002
SAOUHSC_00536	45141	45136	45141
SAOUHSC_01316	1235	1235	1235
SAOUHSC_01178	13989	13989	13989
SAOUHSC_01346	43897	43897	43897
SAOUHSC_01095	8197	8197	8197
SAOUHSC_00171	2497	2497	2497
SAOUHSC_01803	95158	95158	95158
SAOUHSC_00865	27125	27125	27125
SAOUHSC_00608	1864	1864	1864
SAOUHSC_00980	17114	17114	17114
SAOUHSC_00372	549	549	549
SAOUHSC_01891	455	455	455
SAOUHSC_01434	29066	29066	29066
SAOUHSC_01055	21511	21511	21511
SAOUHSC_00712	13461	13461	13461
SAOUHSC_02611	21717	21717	21717
SAOUHSC_01497	10155	10155	10155
SAOUHSC_01815	32886	32886	32886
SAOUHSC_01599	84447	84447	84447
SAOUHSC_02274	12010	12010	12010
SAOUHSC_02467	1233	1233	1233
SAOUHSC_00031	918	918	918
SAOUHSC_02542	8473	8473	8473
SAOUHSC_01852	13470	13470	13470
SAOUHSC_02525	35124	35124	35124
SAOUHSC_00020	20644	20644	20644
SAOUHSC_03052	13902	13902	13902
SAOUHSC_00866	30242	30242	30242
SAOUHSC_01194	16836	16836	16836
SAOUHSC_02097	56024	56024	56024
SAOUHSC_00734	1754	1754	1754
nrdR	10154	10154	10154
rpsS	36530	36530	36530
SAOUHSC_01274	2516	2516	2516
SAOUHSC_00655	24802	24802	24802
SAOUHSC_02725	10236	10236	10236
SAOUHSC_02674	415	415	415
pgk	93305	93305	93305
SAOUHSC_01253	52404	52404	52404
SAOUHSC_00846	6674	6674	6674
rplX	33484	33484	33484
SAOUHSC_01281	2888	2888	2888
SAOUHSC_01028	78146	78146	78146
rpsC	74457	74457	74457
tgt	55787	55787	55787
SAOUHSC_00307	4949	4949	4949
SAOUHSC_00539	8312	8312	8312
SAOUHSC_02564	3839	3839	3839
SAOUHSC_02999	196	196	196
SAOUHSC_00958	24372	24372	24372
hisH	116	116	116
SAOUHSC_00785	35909	35909	35909
SAOUHSC_02355	45973	45973	45973
SAOUHSC_02369	24074	24074	24074
SAOUHSC_01352	37368	37368	37368
SAOUHSC_02297	37798	37798	37798
SAOUHSC_00721	2185	2185	2185
SAOUHSC_01727	13162	13162	13162
SAOUHSC_00879	31855	31855	31855
SAOUHSC_T00026	3496	3471	3496
SAOUHSC_00736	13926	13926	13926
rho	70182	70182	70182
SAOUHSC_00364	230430	230430	230430
rplP	54432	54432	54432
SAOUHSC_02346	91719	91719	91719
SAOUHSC_00346	22435	22435	22435
rplD	68583	68583	68583
SAOUHSC_T00045	1327	1	1327
SAOUHSC_00373	2104	2104	2104
SAOUHSC_00541	4512	4512	4512
SAOUHSC_00947	70609	70609	70609
SAOUHSC_00694	77611	77611	77611
SAOUHSC_02517	23733	23733	23733
SAOUHSC_01873	2818	2818	2818
SAOUHSC_00189	39	39	39
SAOUHSC_01079	458	458	458
SAOUHSC_00985	112977	112977	112977
SAOUHSC_02139	12023	12023	12023
cbiO_2	5104	5104	5104
SAOUHSC_T00024	1679	4	1679
SAOUHSC_02755	20629	20629	20629
SAOUHSC_02887	186457	186457	186457
SAOUHSC_01258	16634	16634	16634
SAOUHSC_02680	433	433	433
rpsN_2	19133	19133	19133
SAOUHSC_00490	4326	4326	4326
ppnK	37973	37973	37973
SAOUHSC_03009	238	238	238
SAOUHSC_00984	12653	12653	12653
SAOUHSC_01354	25171	25171	25171
SAOUHSC_00057	3810	3810	3810
SAOUHSC_02423	27460	27460	27460
SAOUHSC_00719	4392	4392	4392
SAOUHSC_01476	3578	3578	3578
sucA	519144	519144	519144
SAOUHSC_02582	124487	124487	124487
SAOUHSC_02536	20385	20385	20385
SAOUHSC_02770	279	279	279
SAOUHSC_00953	32980	32980	32980
SAOUHSC_02957	4631	4631	4631
SAOUHSC_T00015	1328	1328	1328
SAOUHSC_00795	249644	249644	249644
deoD	133421	133421	133421
SAOUHSC_02140	75263	75263	75263
SAOUHSC_02004	7854	7854	7854
SAOUHSC_00907	3456	3456	3456
SAOUHSC_00427	19588	19588	19588
SAOUHSC_00861	70338	70338	70338
SAOUHSC_00970	177	177	177
SAOUHSC_00859	8117	8117	8117
SAOUHSC_00996	6778	6778	6778
ureB	1300	1300	1300
SAOUHSC_T00029	113	0	113
SAOUHSC_02114	12452	12452	12452
SAOUHSC_02683	218	218	218
SAOUHSC_00294	8807	8807	8807
SAOUHSC_02363	46928	46928	46928
SAOUHSC_01454	19571	19571	19571
rpsE	52965	52965	52965
SAOUHSC_01499	11309	11309	11309
SAOUHSC_01330	1244	1244	1244
SAOUHSC_00575	68088	68088	68088
SAOUHSC_00600	928	926	928
nsaR	11592	11592	11592
SAOUHSC_00695	3335	3335	3335
SAOUHSC_00659	35553	35553	35553
fabZ	16036	16036	16036
SAOUHSC_00141	5074	5074	5074
frr	48269	48269	48269
rplF	45666	45666	45666
xseA	27764	27764	27764
SAOUHSC_01107	7485	7485	7485
SAOUHSC_01858	10721	10721	10721
SAOUHSC_01473	10463	10463	10463
SAOUHSC_01814	67838	67838	67838
SAOUHSC_00847	66880	66880	66880
SAOUHSC_00792	11947	11947	11947
SAOUHSC_01443	1633	1633	1633
SAOUHSC_01411	1977	1977	1977
SAOUHSC_00890	3520	3520	3520
SAOUHSC_00019	10328	10328	10328
SAOUHSC_01796	19994	19994	19994
SAOUHSC_00534	20546	20546	20546
SAOUHSC_01148	47199	47199	47199
SAOUHSC_01801	126778	126778	126778
SAOUHSC_02130	3828	3813	3828
SAOUHSC_01769	4125	4125	4125
SAOUHSC_01685	27567	27567	27567
SAOUHSC_00435	1073	1073	1073
SAOUHSC_01448	440	440	440
rpsF	29506	29506	29506
SAOUHSC_01724	3524	3524	3524
SAOUHSC_00468	36198	36198	36198
rpmG_2	13261	13261	13261
recR	55593	55593	55593
SAOUHSC_01261	11767	11767	11767
SAOUHSC_00442	29604	29604	29604
pyrH	49380	49380	49380
SAOUHSC_01894	1004	1004	1004
SAOUHSC_01289	4	4	4
SAOUHSC_02796	14	14	14
SAOUHSC_00032	0	0	0
SAOUHSC_00212	0	0	0
SAOUHSC_00609	0	0	0
SAOUHSC_00745	0	0	0
SAOUHSC_01325	0	0	0
SAOUHSC_01494	0	0	0
SAOUHSC_01500	0	0	0
SAOUHSC_01514	0	0	0
SAOUHSC_01515	0	0	0
SAOUHSC_01516	0	0	0
SAOUHSC_01517	0	0	0
SAOUHSC_01518	0	0	0
SAOUHSC_01519	0	0	0
SAOUHSC_01520	0	0	0
SAOUHSC_01521	0	0	0
SAOUHSC_01522	0	0	0
SAOUHSC_01523	0	0	0
SAOUHSC_01524	0	0	0
SAOUHSC_01525	0	0	0
SAOUHSC_01526	0	0	0
SAOUHSC_01527	0	0	0
SAOUHSC_01528	0	0	0
SAOUHSC_01529	0	0	0
SAOUHSC_01530	0	0	0
SAOUHSC_01531	0	0	0
SAOUHSC_01532	0	0	0
SAOUHSC_01533	0	0	0
SAOUHSC_01535	0	0	0
SAOUHSC_01536	0	0	0
SAOUHSC_01537	0	0	0
SAOUHSC_01538	0	0	0
SAOUHSC_01539	0	0	0
SAOUHSC_01540	0	0	0
SAOUHSC_01541	0	0	0
SAOUHSC_01542	0	0	0
SAOUHSC_01543	0	0	0
SAOUHSC_01544	0	0	0
SAOUHSC_01545	0	0	0
SAOUHSC_01546	0	0	0
SAOUHSC_01547	0	0	0
SAOUHSC_01548	0	0	0
SAOUHSC_01549	0	0	0
SAOUHSC_01550	0	0	0
SAOUHSC_01551	0	0	0
SAOUHSC_01552	0	0	0
SAOUHSC_01553	0	0	0
SAOUHSC_01555	0	0	0
SAOUHSC_01556	0	0	0
SAOUHSC_01557	0	0	0
SAOUHSC_01558	0	0	0
SAOUHSC_01559	0	0	0
SAOUHSC_01560	0	0	0
SAOUHSC_01561	0	0	0
SAOUHSC_01562	0	0	0
SAOUHSC_01563	0	0	0
SAOUHSC_01565	0	0	0
SAOUHSC_01566	0	0	0
SAOUHSC_01567	0	0	0
SAOUHSC_01568	0	0	0
SAOUHSC_01569	0	0	0
SAOUHSC_01570	0	0	0
SAOUHSC_01571	0	0	0
SAOUHSC_01572	0	0	0
SAOUHSC_01573	0	0	0
SAOUHSC_01574	0	0	0
SAOUHSC_01575	0	0	0
SAOUHSC_01576	0	0	0
SAOUHSC_01577	0	0	0
SAOUHSC_01578	0	0	0
SAOUHSC_01579	0	0	0
SAOUHSC_01580	0	0	0
SAOUHSC_01582	0	0	0
SAOUHSC_01636	0	0	0
SAOUHSC_01851	0	0	0
SAOUHSC_02015	0	0	0
SAOUHSC_02016	0	0	0
SAOUHSC_02017	0	0	0
SAOUHSC_02018	0	0	0
SAOUHSC_02019	0	0	0
SAOUHSC_02020	0	0	0
SAOUHSC_02021	0	0	0
SAOUHSC_02022	0	0	0
SAOUHSC_02023	0	0	0
SAOUHSC_02025	0	0	0
SAOUHSC_02026	0	0	0
SAOUHSC_02027	0	0	0
SAOUHSC_02028	0	0	0
SAOUHSC_02029	0	0	0
SAOUHSC_02030	0	0	0
SAOUHSC_02031	0	0	0
SAOUHSC_02033	0	0	0
SAOUHSC_02034	0	0	0
SAOUHSC_02035	0	0	0
SAOUHSC_02036	0	0	0
SAOUHSC_02037	0	0	0
SAOUHSC_02038	0	0	0
SAOUHSC_02040	0	0	0
SAOUHSC_02041	0	0	0
SAOUHSC_02042	0	0	0
SAOUHSC_02043	0	0	0
SAOUHSC_02044	0	0	0
SAOUHSC_02046	0	0	0
SAOUHSC_02047	0	0	0
SAOUHSC_02048	0	0	0
SAOUHSC_02049	0	0	0
SAOUHSC_02050	0	0	0
SAOUHSC_02051	0	0	0
SAOUHSC_02052	0	0	0
SAOUHSC_02053	0	0	0
SAOUHSC_02054	0	0	0
SAOUHSC_02055	0	0	0
SAOUHSC_02056	0	0	0
SAOUHSC_02057	0	0	0
SAOUHSC_02058	0	0	0
SAOUHSC_02059	0	0	0
SAOUHSC_02060	0	0	0
SAOUHSC_02061	0	0	0
SAOUHSC_02062	0	0	0
SAOUHSC_02063	0	0	0
SAOUHSC_02064	0	0	0
SAOUHSC_02065	0	0	0
SAOUHSC_02066	0	0	0
SAOUHSC_02067	0	0	0
SAOUHSC_02068	0	0	0
SAOUHSC_02070	0	0	0
SAOUHSC_02071	0	0	0
SAOUHSC_02072	0	0	0
SAOUHSC_02073	0	0	0
SAOUHSC_02074	0	0	0
SAOUHSC_02075	0	0	0
SAOUHSC_02076	0	0	0
SAOUHSC_02077	0	0	0
SAOUHSC_02078	0	0	0
SAOUHSC_02079	0	0	0
SAOUHSC_02080	0	0	0
SAOUHSC_02081	0	0	0
SAOUHSC_02083	0	0	0
SAOUHSC_02084	0	0	0
SAOUHSC_02085	0	0	0
SAOUHSC_02086	0	0	0
SAOUHSC_02087	0	0	0
SAOUHSC_02088	0	0	0
SAOUHSC_02089	0	0	0
SAOUHSC_02164	0	0	0
SAOUHSC_02166	0	0	0
SAOUHSC_02167	0	0	0
SAOUHSC_02169	0	0	0
SAOUHSC_02170	0	0	0
SAOUHSC_02171	0	0	0
SAOUHSC_02173	0	0	0
SAOUHSC_02174	0	0	0
SAOUHSC_02177	0	0	0
SAOUHSC_02178	0	0	0
SAOUHSC_02179	0	0	0
SAOUHSC_02180	0	0	0
SAOUHSC_02181	0	0	0
SAOUHSC_02182	0	0	0
SAOUHSC_02183	0	0	0
SAOUHSC_02184	0	0	0
SAOUHSC_02185	0	0	0
SAOUHSC_02186	0	0	0
SAOUHSC_02187	0	0	0
SAOUHSC_02188	0	0	0
SAOUHSC_02189	0	0	0
SAOUHSC_02190	0	0	0
SAOUHSC_02191	0	0	0
SAOUHSC_02193	0	0	0
SAOUHSC_02194	0	0	0
SAOUHSC_02195	0	0	0
SAOUHSC_02196	0	0	0
SAOUHSC_02197	0	0	0
SAOUHSC_02198	0	0	0
SAOUHSC_02199	0	0	0
SAOUHSC_02200	0	0	0
SAOUHSC_02202	0	0	0
SAOUHSC_02203	0	0	0
SAOUHSC_02204	0	0	0
SAOUHSC_02205	0	0	0
SAOUHSC_02206	0	0	0
SAOUHSC_02207	0	0	0
SAOUHSC_02208	0	0	0
SAOUHSC_02209	0	0	0
SAOUHSC_02210	0	0	0
SAOUHSC_02211	0	0	0
SAOUHSC_02212	0	0	0
SAOUHSC_02213	0	0	0
SAOUHSC_02214	0	0	0
SAOUHSC_02215	0	0	0
SAOUHSC_02216	0	0	0
SAOUHSC_02217	0	0	0
SAOUHSC_02218	0	0	0
SAOUHSC_02219	0	0	0
SAOUHSC_02220	0	0	0
SAOUHSC_02221	0	0	0
SAOUHSC_02222	0	0	0
SAOUHSC_02223	0	0	0
SAOUHSC_02224	0	0	0
SAOUHSC_02225	0	0	0
SAOUHSC_02226	0	0	0
SAOUHSC_02227	0	0	0
SAOUHSC_02228	0	0	0
SAOUHSC_02229	0	0	0
SAOUHSC_02232	0	0	0
SAOUHSC_02233	0	0	0
SAOUHSC_02234	0	0	0
SAOUHSC_02235	0	0	0
SAOUHSC_02236	0	0	0
SAOUHSC_02237	0	0	0
SAOUHSC_02238	0	0	0
SAOUHSC_02239	0	0	0
SAOUHSC_02734	0	0	0
SAOUHSC_02934	0	0	0
SAOUHSC_A01514	0	0	0
SAOUHSC_01859	13600	13600	13600
SAOUHSC_02874	5063	5063	5063
rpmE2	37959	37959	37959
SAOUHSC_02013	43861	43861	43861
murB	16174	16174	16174
SAOUHSC_00014	20016	20016	20016
SAOUHSC_01145	83585	83583	83585
hemA	45227	45227	45227
hemE	12765	12765	12765
argJ	1208	1208	1208
SAOUHSC_01834	191	190	191
gltX	32056	32056	32056
SAOUHSC_00160	12696	12696	12696
SAOUHSC_01743	10109	10109	10109
adk	67257	67257	67257
SAOUHSC_02824	647	647	647
ubiE	21145	21145	21145
rpmB	146429	146429	146429
SAOUHSC_01472	25200	25200	25200
SAOUHSC_01047	563	563	563
SAOUHSC_02762	2440	2440	2440
SAOUHSC_00507	26826	26826	26826
SAOUHSC_00035	918	918	918
SAOUHSC_00054	461	421	461
SAOUHSC_01370	88	88	88
SAOUHSC_00654	7669	7669	7669
SAOUHSC_01078	24094	24094	24094
ileS	86691	86691	86691
SAOUHSC_02396	16660	16660	16660
SAOUHSC_02965	3510	3510	3510
ureC	5792	5792	5792
SAOUHSC_00058	4175	4175	4175
SAOUHSC_02592	3771	3771	3771
SAOUHSC_00172	1072	1072	1072
SAOUHSC_00882	608	608	608
SAOUHSC_02138	6008	6008	6008
SAOUHSC_00071	13087	13087	13087
SAOUHSC_01347	249540	249540	249540
SAOUHSC_01938	141	131	141
SAOUHSC_00231	3823	3823	3823
SAOUHSC_02154	10121	10121	10121
SAOUHSC_01586	45257	45257	45257
SAOUHSC_02504	18608	18608	18608
SAOUHSC_00876	5501	5501	5501
clpX	120358	120358	120358
SAOUHSC_02942	1892	1892	1892
SAOUHSC_02753	10888	10888	10888
clpP	84710	84710	84710
ndk	78463	78463	78463
secE	7685	7685	7685
SAOUHSC_02904	302	302	302
SAOUHSC_00966	811	811	811
SAOUHSC_01600	16049	16049	16049
rpsO	66798	66798	66798
glyA	131631	131631	131631
SAOUHSC_00158	19394	19394	19394
SAOUHSC_02708	1425	1425	1425
obgE	21645	21645	21645
murC	43556	43556	43556
SAOUHSC_01993	1851	0	1851
SAOUHSC_01772	20164	20164	20164
SAOUHSC_00467	14933	14933	14933
SAOUHSC_01622	7615	7615	7615
SAOUHSC_00975	2271	2271	2271
SAOUHSC_00514	9730	9730	9730
SAOUHSC_00433	4804	4804	4804
SAOUHSC_00215	75	75	75
SAOUHSC_02379	85096	64045	85096
SAOUHSC_01481	10687	10687	10687
SAOUHSC_00512	6008	6008	6008
mraW	142475	142475	142475
lysS	82186	82186	82186
SAOUHSC_T0002	639	0	639
rplO	42690	42690	42690
SAOUHSC_01477	166691	166691	166691
SAOUHSC_01866	24796	24796	24796
SAOUHSC_01149	175676	175676	175676
SAOUHSC_00473	23044	23044	23044
rpsR	19632	19632	19632
SAOUHSC_00309	20715	20715	20715
SAOUHSC_02485	93545	93545	93545
SAOUHSC_00656	17951	17951	17951
SAOUHSC_01759	15033	15033	15033
rpmD	17333	17333	17333
SAOUHSC_00230	9122	9122	9122
SAOUHSC_01915	7619	7619	7619
recF	32104	32104	32104
rplB	122178	122178	122178
SAOUHSC_01705	347	347	347
SAOUHSC_00003	9214	9214	9214
SAOUHSC_00968	190	190	190
SAOUHSC_00751	6474	6474	6474
SAOUHSC_01106	11912	11912	11912
SAOUHSC_01391	41236	41236	41236
SAOUHSC_02604	34656	34656	34656
SAOUHSC_01855	134280	134280	134280
SAOUHSC_01392	35223	35223	35223
SAOUHSC_01592	8926	8926	8926
SAOUHSC_00090	279	279	279
sdhB	145704	145704	145704
SAOUHSC_00788	26901	26901	26901
SAOUHSC_T00039	1842	0	1842
SAOUHSC_01118	2884	2763	2884
SAOUHSC_00401	1635	1635	1635
SAOUHSC_02005	2030	2030	2030
SAOUHSC_00723	3408	3408	3408
hisG	64	64	64
SAOUHSC_01861	19233	19233	19233
SAOUHSC_01416	245857	245857	245857
SAOUHSC_01100	53289	53289	53289
cbiO_1	8294	8294	8294
SAOUHSC_00211	5860	5860	5860
SAOUHSC_01673	19584	19584	19584
SAOUHSC_00786	28489	23119	28489
SAOUHSC_02285	456	456	456
ddl	47447	47447	47447
SAOUHSC_00418	35	35	35
SAOUHSC_01378	898	898	898
SAOUHSC_00930	135	135	135
SAOUHSC_00412	53130	53130	53130
hslO	11886	11886	11886
SAOUHSC_00408	6506	6506	6506
SAOUHSC_00390	162	162	162
SAOUHSC_00783	6762	6762	6762
SAOUHSC_02852	3479	3479	3479
SAOUHSC_03025	2086	2086	2086
SAOUHSC_01969	32158	32158	32158
SAOUHSC_02317	55375	55375	55375
SAOUHSC_00982	6108	6108	6108
SAOUHSC_01806	143715	143715	143715
SAOUHSC_T00038	1853	0	1853
SAOUHSC_02894	896	896	896
SAOUHSC_01223	23587	23587	23587
murQ	9694	9694	9694
SAOUHSC_00398	5461	5460	5461
SAOUHSC_01237	11526	11526	11526
SAOUHSC_02724	10321	10321	10321
SAOUHSC_02270	267	267	267
SAOUHSC_01619	5791	5791	5791
SAOUHSC_00308	4640	4639	4640
SAOUHSC_02860	207094	207094	207094
tpx	79101	79101	79101
SAOUHSC_02945	4681	4681	4681
SAOUHSC_02580	19495	19495	19495
sdhA	249791	249791	249791
SAOUHSC_01408	40422	40422	40422
SAOUHSC_00024	7876	7876	7876
SAOUHSC_02377	158338	158338	158338
SAOUHSC_02481	6771	6771	6771
SAOUHSC_02638	9178	9178	9178
SAOUHSC_02772	8696	8696	8696
SAOUHSC_00349	41151	41151	41151
SAOUHSC_T00023	1724	1374	1724
SAOUHSC_02106	18057	18057	18057
SAOUHSC_01376	3781	3781	3781
trpA	551	551	551
SAOUHSC_01913	2149	2149	2149
SAOUHSC_02895	1326	1326	1326
SAOUHSC_01867	36398	36398	36398
SAOUHSC_01263	148605	148605	148605
eutD	87799	87799	87799
SAOUHSC_01032	1203	1203	1203
SAOUHSC_02682	1165	1165	1165
SAOUHSC_00762	5942	5942	5942
SAOUHSC_01071	17528	17528	17528
greA	20116	20116	20116
SAOUHSC_01437	19273	19273	19273
SAOUHSC_01676	89692	89692	89692
SAOUHSC_02668	1437	1437	1437
SAOUHSC_T00043	1549	0	1549
SAOUHSC_02900	51425	51425	51425
SAOUHSC_01256	12750	12750	12750
rplW	26378	26378	26378
SAOUHSC_01973	36228	36228	36228
SAOUHSC_02684	774	774	774
alaS	50686	50686	50686
SAOUHSC_00459	3530	3530	3530
SAOUHSC_01401	14521	14521	14521
rpsM	46052	46052	46052
SAOUHSC_00798	166586	166586	166586
SAOUHSC_01687	13882	8589	13882
SAOUHSC_01323	20463	20463	20463
SAOUHSC_01505	11750	11750	11750
SAOUHSC_00647	43431	43431	43431
prfC	23109	23109	23109
SAOUHSC_00526	25788	25788	25788
SAOUHSC_01374	58908	58908	58908
SAOUHSC_02319	26124	26124	26124
SAOUHSC_T0004	6117	1120	6117
uvrA	49246	49246	49246
SAOUHSC_02898	1861	1861	1861
SAOUHSC_00660	18065	18065	18065
SAOUHSC_01771	41749	41749	41749
SAOUHSC_01901	38979	38979	38979
SAOUHSC_02667	38412	38412	38412
SAOUHSC_01893	1491	1491	1491
SAOUHSC_02298	93261	93183	93261
upp	51416	51416	51416
SAOUHSC_01675	79535	79535	79535
SAOUHSC_00858	11240	11240	11240
SAOUHSC_01222	37248	37248	37248
SAOUHSC_00848	109345	109345	109345
SAOUHSC_02385	13839	13836	13839
hisS	13663	13663	13663
SAOUHSC_00091	285	285	285
SAOUHSC_02469	22	22	22
SAOUHSC_01502	10630	10630	10630
SAOUHSC_02802	1949	1927	1949
SAOUHSC_00633	12123	12123	12123
SAOUHSC_01932	5200	5199	5200
SAOUHSC_02337	46879	46879	46879
SAOUHSC_00811	1760	1760	1760
SAOUHSC_02899	21168	21168	21168
SAOUHSC_00209	3060	3057	3060
hemH	12756	12756	12756
SAOUHSC_02261	37154	37154	37154
SAOUHSC_00339	857	857	857
SAOUHSC_00352	146	146	146
SAOUHSC_01447	13128	13128	13128
SAOUHSC_01813	16290	16290	16290
SAOUHSC_01486	38295	38295	38295
SAOUHSC_01351	31350	31350	31350
SAOUHSC_01811	39247	39247	39247
SAOUHSC_01284	8468	8468	8468
SAOUHSC_02764	894	894	894
SAOUHSC_00417	10104	10104	10104
SAOUHSC_00839	1710	1709	1710
SAOUHSC_01726	16079	16079	16079
SAOUHSC_T00047	836	836	836
SAOUHSC_02979	62558	62558	62558
SAOUHSC_01130	3137	3137	3137
rpsD	80518	80518	80518
SAOUHSC_00722	1480	1480	1480
SAOUHSC_01680	5676	5676	5676
SAOUHSC_00983	19458	19458	19458
SAOUHSC_00223	13272	13272	13272
SAOUHSC_01701	11236	11236	11236
SAOUHSC_00789	24389	24389	24389
SAOUHSC_T0001	618	0	618
SAOUHSC_01672	11057	11057	11057
SAOUHSC_00015	88781	88781	88781
acpP	113965	113965	113965
rplS	60647	60647	60647
SAOUHSC_00735	1003	985	1003
SAOUHSC_01935	262	240	262
SAOUHSC_00513	11095	11095	11095
asnC	119351	119351	119351
SAOUHSC_00981	434	434	434
SAOUHSC_00206	1330	1330	1330
rplI	29536	29536	29536
SAOUHSC_00320	2256	2256	2256
SAOUHSC_01436	9960	9960	9960
SAOUHSC_02486	41503	41503	41503
SAOUHSC_02352	101927	101927	101927
SAOUHSC_02357	6157	6157	6157
SAOUHSC_01816	23023	23023	23023
SAOUHSC_02540	5026	5026	5026
SAOUHSC_01695	16213	16213	16213
SAOUHSC_02763	914	914	914
SAOUHSC_02268	21161	21161	21161
SAOUHSC_02671	741	741	741
SAOUHSC_01098	14959	14959	14959
SAOUHSC_00469	48526	48526	48526
pyrB	2913	2913	2913
SAOUHSC_00039	9758	9744	9758
SAOUHSC_01702	11357	11357	11357
SAOUHSC_02448	8926	8926	8926
SAOUHSC_01598	6737	6737	6737
SAOUHSC_01504	3423	3423	3423
SAOUHSC_00036	1893	1893	1893
SAOUHSC_01373	43928	43928	43928
argS	15687	15687	15687
gpsA	28812	28812	28812
SAOUHSC_00491	9695	9695	9695
SAOUHSC_00034	272	272	272
SAOUHSC_00021	45789	45789	45789
tpiA	91377	91377	91377
SAOUHSC_00504	23985	23985	23985
SAOUHSC_00109	49	49	49
rplQ	31189	31189	31189
rpsP	11265	11265	11265
SAOUHSC_00413	138062	138062	138062
SAOUHSC_01438	4641	4641	4641
SAOUHSC_01321	1790	1790	1790
SAOUHSC_T00051	4104	3659	4104
SAOUHSC_00710	28687	28687	28687
pyrE	2430	2430	2430
SAOUHSC_00510	7168	7168	7168
SAOUHSC_02257	6761	6761	6761
SAOUHSC_01936	179	179	179
SAOUHSC_01664	11623	11623	11623
SAOUHSC_01909	15613	15613	15613
rpmA	41337	41337	41337
SAOUHSC_02782	180	180	180
SAOUHSC_01614	38939	38939	38939
rplC	85005	85005	85005
SAOUHSC_00462	28794	28794	28794
SAOUHSC_01415	22934	22934	22934
SAOUHSC_01035	140301	140301	140301
SAOUHSC_00474	120749	120749	120749
SAOUHSC_01626	32664	32664	32664
SAOUHSC_01723	18427	18427	18427
SAOUHSC_01878	5362	5362	5362
SAOUHSC_T00059	159	0	159
SAOUHSC_00770	14	14	14
SAOUHSC_01715	16457	16457	16457
SAOUHSC_01266	44394	44394	44394
SAOUHSC_00485	11682	11682	11682
SAOUHSC_01074	5587	5587	5587
aspS	32510	32510	32510
ispD	29613	29613	29613
SAOUHSC_01933	11033	10048	11033
SAOUHSC_01912	4346	4346	4346
SAOUHSC_02282	411	411	411
SAOUHSC_00012	177	177	177
SAOUHSC_00946	17168	17168	17168
SAOUHSC_02849	56831	56831	56831
rpmG_1	12859	12859	12859
SAOUHSC_01320	1293	1293	1293
SAOUHSC_00945	10487	10487	10487
SAOUHSC_01944	127	127	127
SAOUHSC_01475	11731	11731	11731
SAOUHSC_03034	1965	1965	1965
SAOUHSC_01248	7335	7335	7335
SAOUHSC_01252	71559	71559	71559
SAOUHSC_01766	41994	41994	41994
SAOUHSC_01756	34901	34901	34901
SAOUHSC_01029	444302	444302	444302
valS	81777	81777	81777
truA	11571	11571	11571
SAOUHSC_02512a	50772	50772	50772
trmD	2884	2884	2884
SAOUHSC_01742	31461	31461	31461
SAOUHSC_01624	15032	15032	15032
SAOUHSC_00937	58851	58851	58851
SAOUHSC_01588	7241	7241	7241
SAOUHSC_00415	1046	1046	1046
SAOUHSC_00905	40174	40174	40174
rplL	50134	50134	50134
leuS	59806	59806	59806
SAOUHSC_00018	54946	54946	54946
SAOUHSC_T00013	1393	0	1393
SAOUHSC_02102	37056	37056	37056
SAOUHSC_00123	1489	1489	1489
SAOUHSC_02906	1975	1975	1975
SAOUHSC_01265	12341	12341	12341
SAOUHSC_01662	35664	35664	35664
SAOUHSC_00234	11287	11287	11287
SAOUHSC_02267	14429	14429	14429
SAOUHSC_02155	5352	5352	5352
SAOUHSC_00917	895	895	895
SAOUHSC_01791	18356	18356	18356
SAOUHSC_02122	28228	28228	28228
SAOUHSC_01070	7702	7702	7702
SAOUHSC_02416	1	1	1
SAOUHSC_01812	19018	19018	19018
SAOUHSC_02978	48744	48744	48744
SAOUHSC_00860	23774	23774	23774
SAOUHSC_00802	10520	10520	10520
SAOUHSC_02356	2809	2809	2809
SAOUHSC_02244	9697	9697	9697
eno	603553	603553	603553
SAOUHSC_02850	13459	13459	13459
SAOUHSC_02784	1112	1112	1112
SAOUHSC_00228	96961	96961	96961
SAOUHSC_02286	407	407	407
SAOUHSC_02280	1635	1635	1635
SAOUHSC_00558	2125	2125	2125
SAOUHSC_00530	1543749	1543749	1543749
nsaS	10422	10422	10422
SAOUHSC_01193	85687	85687	85687
glmM	50224	50224	50224
SAOUHSC_01699	13139	13139	13139
SAOUHSC_00598	419	419	419
SAOUHSC_00628	13355	13355	13355
SAOUHSC_02331	1555	1555	1555
SAOUHSC_01175	26006	26006	26006
SAOUHSC_01337	184564	184564	184564
SAOUHSC_01583	5921	5921	5921
SAOUHSC_01322	1402	1402	1402
SAOUHSC_01087	350	334	350
SAOUHSC_03021	140	140	140
SAOUHSC_00188	1601	1601	1601
SAOUHSC_02350	138251	138251	138251
SAOUHSC_01383	34754	34754	34754
SAOUHSC_00416	8709	8709	8709
rpsI	90299	90299	90299
secA	78683	78683	78683
SAOUHSC_01022	3003	3003	3003
SAOUHSC_00246	2299	2299	2299
SAOUHSC_01058	32917	32917	32917
SAOUHSC_01679	25428	25428	25428
SAOUHSC_00834	21271	21271	21271
SAOUHSC_03008	899	899	899
SAOUHSC_01045	857	857	857
uvrC	9342	9342	9342
pgi	162736	162736	162736
SAOUHSC_01179	35432	35432	35432
SAOUHSC_01826	23	23	23
SAOUHSC_00627	2438	2438	2438
SAOUHSC_01021	8922	8922	8922
SAOUHSC_00208	218	217	218
SAOUHSC_02706	7286	7286	7286
SAOUHSC_01854	72981	72981	72981
SAOUHSC_00658	10036	10036	10036
SAOUHSC_00400	1948	1948	1948
SAOUHSC_00580	738	738	738
SAOUHSC_00191	641	641	641
SAOUHSC_02349	60834	60834	60834
SAOUHSC_01730	16976	16976	16976
SAOUHSC_01670	10834	10834	10834
SAOUHSC_T00058	2013	586	2013
SAOUHSC_01249	26830	26830	26830
SAOUHSC_02836	8507	8507	8507
SAOUHSC_02124	6613	6613	6613
SAOUHSC_01141	9865	9865	9865
SAOUHSC_00023	22861	22861	22861
rpmH	19750	19750	19750
SAOUHSC_01474	11188	11188	11188
SAOUHSC_00901	3998	3998	3998
SAOUHSC_01735	13327	13327	13327
SAOUHSC_02123	24069	24069	24069
SAOUHSC_02786	4396	4396	4396
mutL	13596	13596	13596
SAOUHSC_01960	21325	21325	21325
SAOUHSC_00486	196807	196807	196807
SAOUHSC_01739	17920	17920	17920
SAOUHSC_01287	750500	750500	750500
SAOUHSC_01205	16854	16854	16854
thrS	64787	64787	64787
SAOUHSC_01164	10366	10366	10366
SAOUHSC_T00032	2493	2417	2493
SAOUHSC_03031	4019	4019	4019
rpoZ	8332	8332	8332
SAOUHSC_T00014	1440	0	1440
SAOUHSC_00503	13756	13756	13756
tsf	198589	198589	198589
SAOUHSC_00624	6198	6198	6198
SAOUHSC_02710	1283	1283	1283
SAOUHSC_01696	20236	20236	20236
SAOUHSC_00458	778	778	778
SAOUHSC_T00012	1497	0	1497
rplK	90292	90292	90292
SAOUHSC_02768	360	360	360
rplU	46978	46978	46978
SAOUHSC_00061	2043	2043	2043
SAOUHSC_01979	5399	5399	5399
rplA	121502	121502	121502
SAOUHSC_01077	66634	66634	66634
SAOUHSC_01802	65921	65921	65921
SAOUHSC_01585	25304	25304	25304
SAOUHSC_02754	6998	6998	6998
SAOUHSC_01469	8709	8709	8709
SAOUHSC_01129	871	871	871
ruvB	16764	16764	16764
queA	14615	14615	14615
SAOUHSC_00517	37383	37383	37383
SAOUHSC_00626	2883	2883	2883
SAOUHSC_01185	18640	18640	18640
SAOUHSC_01186	11321	11321	11321
SAOUHSC_00397	12896	11550	12896
SAOUHSC_00854	14143	14143	14143
SAOUHSC_01686	2872	2872	2872
SAOUHSC_00528	118737	118737	118737
SAOUHSC_00101	54626	54626	54626
SAOUHSC_01163	12300	12300	12300
SAOUHSC_02107	37586	37586	37586
rplJ	109741	109741	109741
SAOUHSC_02933	3064	3064	3064
SAOUHSC_00100	18204	13729	18204
SAOUHSC_00187	4856	4856	4856
SAOUHSC_02646	1539	1539	1539
SAOUHSC_01451	143	143	143
SAOUHSC_01925	71	71	71
SAOUHSC_00878	202050	202050	202050
SAOUHSC_00005	66845	66845	66845
SAOUHSC_00226	50587	50587	50587
SAOUHSC_T00048	2596	147	2596
SAOUHSC_00559	497	497	497
SAOUHSC_01645	11237	11237	11237
rbgA	4461	4461	4461
SAOUHSC_01240	62233	62233	62233
SAOUHSC_01099	26792	26792	26792
SAOUHSC_01349	5709	5709	5709
SAOUHSC_00994	161475	161475	161475
SAOUHSC_00122	1973	1973	1973
SAOUHSC_01406	9186	9186	9186
SAOUHSC_T00053	1872	0	1872
SAOUHSC_01187	35440	35440	35440
infC	32800	32800	32800
SAOUHSC_01652	65190	65190	65190
SAOUHSC_00671	62866	62866	62866
SAOUHSC_03032	2951	2951	2951
SAOUHSC_01601	14351	14351	14351
SAOUHSC_00354	582	582	582
SAOUHSC_01667	15020	15020	15020
rpoB	278950	278950	278950
SAOUHSC_02160	217	217	217
coaE	20432	20432	20432
SAOUHSC_02848	18847	18847	18847
rplT	30945	30942	30945
rpsL	111029	111029	111029
SAOUHSC_01221	194	194	194
engA	43813	43813	43813
SAOUHSC_02885	61924	61924	61924
SAOUHSC_01663	20635	20635	20635
SAOUHSC_00525	285340	285340	285340
SAOUHSC_01050	24227	24227	24227
SAOUHSC_00437	15140	15140	15140
SAOUHSC_00610	2636	2636	2636
SAOUHSC_00523	9351	9351	9351
SAOUHSC_02294	71	71	71
SAOUHSC_00680	720	720	720
SAOUHSC_01150	266928	266928	266928
smpB	9559	9559	9559
SAOUHSC_01857	145218	145218	145218
SAOUHSC_00676	17219	17219	17219
SAOUHSC_01182	4535	4535	4535
SAOUHSC_02412	3379	2256	3379
SAOUHSC_01658	12190	12190	12190
SAOUHSC_00685	6854	6854	6854
rplM	65576	65576	65576
SAOUHSC_02343	198226	198226	198226
SAOUHSC_00667	6503	6503	6503
SAOUHSC_00484	12945	12945	12945
SAOUHSC_00914	53	53	53
SAOUHSC_00851	120987	120987	120987
SAOUHSC_01612	29062	29062	29062
SAOUHSC_00625	22868	22868	22868
SAOUHSC_01510	318	318	318
SAOUHSC_02425	59518	59518	59518
SAOUHSC_01381	752	752	752
SAOUHSC_00022	43356	43356	43356
SAOUHSC_00551	10152	10152	10152
SAOUHSC_02746	327	327	327
rnhB	4020	4020	4020
SAOUHSC_00691	14243	14243	14243
SAOUHSC_01644	23475	23475	23475
SAOUHSC_00227	78117	78117	78117
SAOUHSC_01425	7705	7705	7705
era	25584	25584	25584
SAOUHSC_01587	14475	14475	14475
SAOUHSC_01299	8	8	8
SAOUHSC_02266	16	16	16
hemC	10711	10711	10711
SAOUHSC_01239	26388	26388	26388
SAOUHSC_00549	25100	25100	25100
SAOUHSC_02347	107776	107776	107776
SAOUHSC_01688	47462	47462	47462
SAOUHSC_02324	5666	5666	5666
SAOUHSC_00560	402	402	402
SAOUHSC_00557	841	841	841
SAOUHSC_01238	14595	14595	14595
SAOUHSC_00693	9582	9582	9582
SAOUHSC_00976	707	707	707
SAOUHSC_01207	40696	40696	40696
SAOUHSC_01171	2648	2648	2648
SAOUHSC_00302	4605	4605	4605
SAOUHSC_01460	13063	13063	13063
SAOUHSC_01697	20443	20443	20443
atpC	108884	108884	108884
SAOUHSC_00439	2205	2205	2205
SAOUHSC_01910	186064	186064	186064
SAOUHSC_01153	26656	26656	26656
SAOUHSC_02327	43124	43124	43124
SAOUHSC_01623	39419	39419	39419
SAOUHSC_00954	16716	16716	16716
SAOUHSC_T00061	146	0	146
SAOUHSC_T00011	317	0	317
SAOUHSC_T00021	327	0	327
SAOUHSC_00438	3449	3449	3449
SAOUHSC_00152	19271	19271	19271
SAOUHSC_00794	78085	78085	78085
SAOUHSC_T00046	401	326	401
tig	205301	205301	205301
SAOUHSC_00675	33042	33042	33042
SAOUHSC_01611	38263	38263	38263
SAOUHSC_02241	544	544	544
SAOUHSC_01431	29793	29793	29793
SAOUHSC_02574	21528	21528	21528
SAOUHSC_00803	53513	53513	53513
SAOUHSC_00827	1565	1565	1565
SAOUHSC_01744	9432	9432	9432
SAOUHSC_02273	17671	17671	17671
SAOUHSC_01245	4343	4343	4343
SAOUHSC_00849	109828	109828	109828
SAOUHSC_T00054	1818	0	1818
SAOUHSC_00529	592887	592887	592887
SAOUHSC_00353	67	67	67
SAOUHSC_00006	107681	107681	107681
SAOUHSC_02341	371818	371818	371818
SAOUHSC_01659	17175	17175	17175
SAOUHSC_01288	176	176	176
gatA	80414	80414	80414
SAOUHSC_02345	343299	343299	343299
SAOUHSC_T0003	689	0	689
SAOUHSC_00692	6310	6310	6310
SAOUHSC_00323	5728	5601	5728
SAOUHSC_01646	31618	31618	31618
SAOUHSC_01764	89	89	89
SAOUHSC_01958	3549	3549	3549
SAOUHSC_00505	97302	97302	97302
SAOUHSC_02530	221	221	221
thyA	17552	17552	17552
SAOUHSC_00929	105	105	105
SAOUHSC_01306	6	6	6
SAOUHSC_01269	17532	17532	17532
SAOUHSC_00955	2668	2668	2668
SAOUHSC_01271	5655	5655	5655
SAOUHSC_01063	21687	21687	21687
SAOUHSC_02278	2070	2070	2070
SAOUHSC_00399	153	153	153
SAOUHSC_01700	27499	27499	27499
SAOUHSC_00153	77670	77670	77670
rpmI	18118	18118	18118
SAOUHSC_00550	18387	18387	18387
SAOUHSC_01877	9556	9556	9556
SAOUHSC_00855	16322	16322	16322
ipk	12273	12273	12273
SAOUHSC_T0006	30	30	30
SAOUHSC_01046	1797	1797	1797
SAOUHSC_02384	2777	2777	2777
SAOUHSC_T00022	869	0	869
rpsU	50743	50743	50743
SAOUHSC_00793	11597	11597	11597
SAOUHSC_02534	2943	2840	2943
SAOUHSC_01270	4933	4933	4933
SAOUHSC_01242	7182	7182	7182
polC	33005	33005	33005
SAOUHSC_01953	496	496	496
SAOUHSC_00896	9575	9251	9575
SAOUHSC_T00056	2647	2647	2647
SAOUHSC_01717	12202	12202	12202
SAOUHSC_00577	14018	14018	14018
SAOUHSC_01508	2108	2108	2108
gatC	20704	20704	20704
SAOUHSC_T00027	964	959	964
SAOUHSC_01184	16614	16614	16614
SAOUHSC_02873	16916	16916	16916
SAOUHSC_00569	45601	45601	45601
SAOUHSC_01412	6960	6960	6960
SAOUHSC_02681	444	444	444
SAOUHSC_02323	9376	9376	9376
SAOUHSC_01613	32502	32502	32502
SAOUHSC_01808	13867	13867	13867
SAOUHSC_00060	12348	12348	12348
SAOUHSC_01456	1490	1490	1490
SAOUHSC_01967	22852	22852	22852
SAOUHSC_02726	2288	2288	2288
SAOUHSC_00727	9101	9101	9101
SAOUHSC_02573	14068	14068	14068
groES	21242	21242	21242
SAOUHSC_T00055	1835	0	1835
SAOUHSC_T00025	845	0	845
SAOUHSC_00997	15902	15902	15902
pyrC	5457	5457	5457
pheT	41749	41749	41749
SAOUHSC_01432	56735	56735	56735
SAOUHSC_01031	2715	2715	2715
SAOUHSC_00578	20669	20669	20669
infB	46616	46616	46616
pyrG	36596	36596	36596
gatB	104812	104812	104812
SAOUHSC_02381	7518	7518	7518
SAOUHSC_00201	1898	1898	1898
SAOUHSC_00129	6990	6990	6990
pheS	15056	15056	15056
prfA	22515	22515	22515
SAOUHSC_00155	20908	20905	20908
SAOUHSC_01413	3439	3439	3439
SAOUHSC_02326	1809	1804	1809
SAOUHSC_01429	28353	28353	28353
SAOUHSC_T00033	3880	3880	3880
SAOUHSC_00850	46072	46072	46072
SAOUHSC_00822	1576	1576	1576
SAOUHSC_02752	4823	4823	4823
carB	16084	16084	16084
SAOUHSC_00729	11358	11358	11358
prmA	19998	19998	19998
SAOUHSC_02329	2649	2649	2649
SAOUHSC_01327	89494	89494	89494
SAOUHSC_00146	1620	1620	1620
SAOUHSC_01154	41548	41548	41548
SAOUHSC_01183	11282	11282	11282
SAOUHSC_00728	139249	139249	139249
SAOUHSC_02932	2488	2488	2488
SAOUHSC_02250	209	209	209
SAOUHSC_T00035	327	257	327
SAOUHSC_02113	6045	6045	6045
SAOUHSC_01584	3845	3518	3845
SAOUHSC_01049	4412	4412	4412
SAOUHSC_01770	491	491	491
SAOUHSC_02709	1005	1005	1005
SAOUHSC_01361	21025	21025	21025
SAOUHSC_01430	50086	50086	50086
SAOUHSC_00717	5942	5942	5942
SAOUHSC_01618	28873	28873	28873
SAOUHSC_01761a	152	152	152
SAOUHSC_01843	2946	2946	2946
recU	33327	33327	33327
SAOUHSC_02769	241	241	241
SAOUHSC_00711	39984	39984	39984
SAOUHSC_00579	24647	24647	24647
SAOUHSC_00282	3035	3035	3035
SAOUHSC_02277	7083	7083	7083
SAOUHSC_01467	243481	243481	243481
nusA	19812	19812	19812
SAOUHSC_00688	23517	23517	23517
SAOUHSC_02358	15632	15632	15632
SAOUHSC_00902	8161	8161	8161
SAOUHSC_00099	5658	5658	5658
SAOUHSC_02360	13074	13074	13074
SAOUHSC_00903	10974	10974	10974
SAOUHSC_02108	6325	6325	6325
SAOUHSC_T00060	132	0	132
SAOUHSC_00897	8473	8473	8473
SAOUHSC_01272	15732	15732	15732
SAOUHSC_00341	237	237	237
SAOUHSC_01682	18141	18141	18141
SAOUHSC_00291	1021	1021	1021
SAOUHSC_01716	23315	23315	23315
gmk	27030	27030	27030
SAOUHSC_01809	14643	14643	14643
SAOUHSC_T00030	1617	1567	1617
SAOUHSC_00340	297	297	297
SAOUHSC_00912	37934	37934	37934
SAOUHSC_T00036	5077	4754	5077
SAOUHSC_01169	5128	5128	5128
SAOUHSC_02251	57	57	57
SAOUHSC_01307	526	526	526
SAOUHSC_01810	19831	19831	19831
SAOUHSC_01359	34332	34332	34332
SAOUHSC_00957	6417	6417	6417
SAOUHSC_00689	17372	17372	17372
SAOUHSC_00396	16	16	16
def	23773	23773	23773
SAOUHSC_01513	1952	1952	1952
SAOUHSC_02264	89432	89432	89432
SAOUHSC_00646	5230	5230	5230
SAOUHSC_T00037	950	739	950
SAOUHSC_T0005	247	247	247
SAOUHSC_02325	1857	1853	1857
SAOUHSC_02855	2917	2917	2917
SAOUHSC_01244	3816	3816	3816
SAOUHSC_02243	290	290	290
SAOUHSC_02175	3522	3522	3522
SAOUHSC_T00010	1040	0	1040
SAOUHSC_01684	66123	66123	66123
SAOUHSC_02364	13982	13982	13982
SAOUHSC_02571	11588	11588	11588
SAOUHSC_02968	205	205	205
SAOUHSC_01121	18696	18696	18696
SAOUHSC_T00018	1173	138	1173
SAOUHSC_01512	1776	1776	1776
SAOUHSC_00236	9144	9144	9144
SAOUHSC_02330	2560	2560	2560
SAOUHSC_00128	6492	6492	6492
SAOUHSC_02316	52973	52973	52973
SAOUHSC_00336	113988	113988	113988
SAOUHSC_T00050	71	71	71
SAOUHSC_00293	1182	1182	1182
SAOUHSC_02892	1248	1248	1248
SAOUHSC_02265	72979	72979	72979
SAOUHSC_T0008	1071	0	1071
SAOUHSC_00121	1805	1805	1805
SAOUHSC_03006	65597	65597	65597
SAOUHSC_T00031	1032	1032	1032
SAOUHSC_01275	53036	53036	53036
SAOUHSC_02893	1135	1135	1135
SAOUHSC_02394	1	1	1
SAOUHSC_T0009	1051	0	1051
SAOUHSC_02279	4093	4091	4093
SAOUHSC_01763	126	126	126
ribH	2365	2365	2365
dnaK	247526	247526	247526
SAOUHSC_00235	4397	4397	4397
SAOUHSC_02176	104	104	104
SAOUHSC_02365	33818	33818	33818
thiE	2498	2498	2498
SAOUHSC_02389	2875	2875	2875
SAOUHSC_00127	4142	4142	4142
SAOUHSC_02397	4461	4461	4461
SAOUHSC_02583	13286	13286	13286
SAOUHSC_02720	3	3	3
SAOUHSC_T00028	142	0	142
SAOUHSC_00126	2430	2430	2430
SAOUHSC_00120	4240	4240	4240
SAOUHSC_02672	502	502	502
SAOUHSC_01780	14	14	14
groEL	133620	133620	133620
SAOUHSC_03024	11028	11028	11028
SAOUHSC_00097	2605	2605	2605
SAOUHSC_00857	270	270	270
SAOUHSC_02721	2307	2307	2307
SAOUHSC_00125	4795	4795	4795
SAOUHSC_01285	130098	130098	130098
SAOUHSC_01511	1625	1472	1625
SAOUHSC_00119	4625	4625	4625
SAOUHSC_01298	8	8	8
SAOUHSC_00292	1437	1437	1437
SAOUHSC_02283	36	36	36
glpK	71917	71917	71917
SAOUHSC_00038	203	203	203
SAOUHSC_02012	9953	9953	9953
SAOUHSC_01200	6258	6258	6258
SAOUHSC_R00010	768	0	768
SAOUHSC_01135	4323	4323	4323
SAOUHSC_R00016	9	0	9
SAOUHSC_02399	540231	540231	540231
SAOUHSC_02411	85	85	85
SAOUHSC_02629	9637	9637	9637
SAOUHSC_01889	6664	6664	6664
SAOUHSC_00118	3600	3600	3600
SAOUHSC_02332	3025	3025	3025
SAOUHSC_02100	7101	7101	7101
SAOUHSC_R0009	768	0	768
SAOUHSC_03033	6607	6607	6607
SAOUHSC_01838	92328	92328	92328
SAOUHSC_02099	18818	18818	18818
SAOUHSC_01199	72455	72455	72455
SAOUHSC_02840	7229	7229	7229
SAOUHSC_02388	1146	1146	1146
SAOUHSC_01972	59553	59553	59553
SAOUHSC_02975	71687	71687	71687
SAOUHSC_02976	47964	47964	47964
SAOUHSC_R0003	30854	832	30854
SAOUHSC_00870	19146	19146	19146
SAOUHSC_00411	13	13	13
SAOUHSC_01976	10	10	10
SAOUHSC_02857	4	4	4
SAOUHSC_T00057	1	0	1
SAOUHSC_00116	3180	3180	3180
SAOUHSC_01196	27388	27388	27388
SAOUHSC_00921	84615	84615	84615
SAOUHSC_R0001	38047	1033	38047
SAOUHSC_01198	73282	73282	73282
SAOUHSC_01887	5717	5717	5717
SAOUHSC_00998	10014	10014	10014
SAOUHSC_00240	2718	2718	2718
SAOUHSC_02635	14991	14991	14991
SAOUHSC_00111	24	24	24
SAOUHSC_R0005	76	1	76
SAOUHSC_02841	14309	14309	14309
SAOUHSC_01278	22107	22107	22107
SAOUHSC_00871	4522	4522	4522
SAOUHSC_00114	1891	1891	1891
SAOUHSC_00115	2732	2732	2732
SAOUHSC_R0007	35174	897	35174
SAOUHSC_02839	18788	18788	18788
SAOUHSC_00639	3493	3493	3493
SAOUHSC_00239	7633	7633	7633
SAOUHSC_02333	1597	1597	1597
SAOUHSC_02630	4572	4572	4572
SAOUHSC_00356	43833	43833	43833
SAOUHSC_01136	6179	6179	6179
SAOUHSC_01888	2850	2850	2850
SAOUHSC_00241	4818	4818	4818
SAOUHSC_R00013	9	0	9
SAOUHSC_00117	6493	6493	6493
SAOUHSC_02098	15419	15419	15419
SAOUHSC_01197	68378	68378	68378
SAOUHSC_01736	125	125	125
SAOUHSC_R0004	10754	270	10754
SAOUHSC_R0008	41354	1132	41354
SAOUHSC_T00019	6	0	6
SAOUHSC_T00049	380	380	380
SAOUHSC_T0007	84	15	84
SAOUHSC_00174	1426	1426	1426
SAOUHSC_01794	39652	39652	39652
SAOUHSC_03023	37039	37039	37039
SAOUHSC_02805	3	3	3
SAOUHSC_00920	33884	33884	33884
SAOUHSC_01839	26860	26860	26860
SAOUHSC_02576	5753	5753	5753
SAOUHSC_R00015	5	0	5
SAOUHSC_00872	61089	61089	61089
SAOUHSC_00154	11	11	11
SAOUHSC_01760	4017	4017	4017
SAOUHSC_A02811	1	1	1
SAOUHSC_R00014	13	0	13
SAOUHSC_00869	67413	67413	67413
SAOUHSC_02866	12105	12105	12105
SAOUHSC_01844	4	4	4
SAOUHSC_01761	3963	3963	3963
SAOUHSC_01005	26832	26832	26832
SAOUHSC_01068	6	6	6
SAOUHSC_02115	2	2	2
SAOUHSC_T00017	0	0	0
SAOUHSC_02745	19	19	19
SAOUHSC_R00012	8	0	8
SAOUHSC_02717	8	8	8
SAOUHSC_00561	7514	7514	7514
SAOUHSC_00737	5	5	5
SAOUHSC_00772	0	0	0
SAOUHSC_01339	2	2	2
SAOUHSC_01853	2	2	2
SAOUHSC_02838	7	7	7
SAOUHSC_02872	2260	2260	2260
SAOUHSC_00243	5	5	5
SAOUHSC_01402	2	2	2
SAOUHSC_01963	3	3	3
SAOUHSC_02953	25502	25502	25502
SAOUHSC_02954	8538	8538	8538
SAOUHSC_03041	3475	3475	3475
SAOUHSC_3042a	7463	5472	7463
SAOUHSC_00355	8102	8102	8102
SAOUHSC_03040	180791	159136	180791
SAOUHSC_03042	11060	9144	11060
SAOUHSC_03037	465030	465030	465030
SAOUHSC_03036	309512	309512	309512
SAOUHSC_03037a	14072	10299	14072
SAOUHSC_00108	0	0	0
SAOUHSC_00387	1	1	1
SAOUHSC_00583	0	0	0
SAOUHSC_00677	0	0	0
SAOUHSC_00778	1	1	1
SAOUHSC_00809	1	1	1
SAOUHSC_00867	1	1	1
SAOUHSC_00967	0	0	0
SAOUHSC_01003	0	0	0
SAOUHSC_01109	0	0	0
SAOUHSC_01883	0	0	0
SAOUHSC_01934	0	0	0
SAOUHSC_02069	0	0	0
SAOUHSC_02105	0	0	0
SAOUHSC_02459	0	0	0
SAOUHSC_02634	0	0	0
SAOUHSC_02804	1	1	1
SAOUHSC_02890	2	2	2
SAOUHSC_02939	1	1	1
SAOUHSC_02948	0	0	0
SAOUHSC_02950	0	0	0
SAOUHSC_A01436	1	1	1
SAOUHSC_A02169	0	0	0
