Feature ID	Single mutant - SM1_S4 (GE) - Expression values	Single mutant - SM1_S4 (GE) - Unique gene reads	Single mutant - SM1_S4 (GE) - Total gene reads
SAOUHSC_01037	6	6	6
SAOUHSC_00303	1	1	1
SAOUHSC_00978	24	24	24
SAOUHSC_02313	1	1	1
SAOUHSC_02518	0	0	0
SAOUHSC_A02577	0	0	0
SAOUHSC_01295	4	4	4
SAOUHSC_02705	0	0	0
SAOUHSC_01290	16	16	16
SAOUHSC_01291	2	2	2
SAOUHSC_02732	1	1	1
SAOUHSC_T00016	0	0	0
SAOUHSC_00823	68	68	68
SAOUHSC_02515	330	330	330
SAOUHSC_01930	17	17	17
SAOUHSC_02925	28	28	28
SAOUHSC_00069	498132	498132	498132
SAOUHSC_02312	5682	5682	5682
SAOUHSC_01357	77	77	77
SAOUHSC_02771	88	88	88
SAOUHSC_01315	5	5	5
SAOUHSC_00244	138	138	138
SAOUHSC_A02450	16	16	16
SAOUHSC_02799	23	23	23
SAOUHSC_02832	4	4	4
SAOUHSC_01902	48	48	48
SAOUHSC_02109	6	6	6
SAOUHSC_02657	2	2	2
SAOUHSC_01704	37	37	37
SAOUHSC_02603	340	340	340
SAOUHSC_01113	20	20	20
SAOUHSC_00853	15	15	15
SAOUHSC_01637	29	28	29
SAOUHSC_01421	4	4	4
SAOUHSC_01305	22	22	22
SAOUHSC_00253	3822	3822	3822
SAOUHSC_02311	10452	10452	10452
SAOUHSC_00599	62	62	62
SAOUHSC_01264	2793	2793	2793
SAOUHSC_02821	151	151	151
SAOUHSC_01628	164	164	164
SAOUHSC_00545	27644	27313	27644
SAOUHSC_00232	36718	36718	36718
SAOUHSC_01841	36	36	36
SAOUHSC_00087	0	0	0
SAOUHSC_00470	1	1	1
SAOUHSC_01230	7	7	7
SAOUHSC_02141	2	2	2
SAOUHSC_T00052	77	2	77
SAOUHSC_02566	2264	2264	2264
SAOUHSC_02338	592	592	592
SAOUHSC_02310	3844	3844	3844
SAOUHSC_R0002	27	0	27
SAOUHSC_02856	21	21	21
SAOUHSC_02820	448	448	448
SAOUHSC_01297	72	72	72
SAOUHSC_00233	94599	94599	94599
SAOUHSC_1307a	18	18	18
SAOUHSC_00916	29	29	29
SAOUHSC_01331	1	1	1
SAOUHSC_00270	455	455	455
SAOUHSC_02701	170	170	170
SAOUHSC_01863	917	917	917
SAOUHSC_01119	430	430	430
SAOUHSC_00824	184	184	184
SAOUHSC_01131	710	710	710
SAOUHSC_01293	6	6	6
SAOUHSC_02809	4347	4347	4347
SAOUHSC_02129	31	31	31
SAOUHSC_00718	263	263	263
SAOUHSC_00492	166	166	166
SAOUHSC_01024	2410	2410	2410
SAOUHSC_02455	89	89	89
SAOUHSC_02419	282	282	282
SAOUHSC_03002	130	130	130
SAOUHSC_01971	138	138	138
SAOUHSC_02432	4	4	4
SAOUHSC_00589	86	86	86
SAOUHSC_02452	228	228	228
SAOUHSC_00238	4	4	4
SAOUHSC_01123	338	338	338
SAOUHSC_02607	18590	18590	18590
SAOUHSC_00045	20	20	20
SAOUHSC_01101	64	64	64
SAOUHSC_02606	15961	15961	15961
SAOUHSC_03045	22551	22551	22551
SAOUHSC_00040	4	4	4
SAOUHSC_00826	2711	2711	2711
SAOUHSC_00070	2930	2930	2930
SAOUHSC_02453	193	193	193
SAOUHSC_T00020	8	0	8
SAOUHSC_01389	190	190	190
SAOUHSC_00251	694	694	694
SAOUHSC_00972	604	604	604
SAOUHSC_02393	462	462	462
SAOUHSC_03003	13	13	13
SAOUHSC_00591	183	183	183
SAOUHSC_01956	163	163	163
SAOUHSC_00593	105	105	105
SAOUHSC_01334	654	654	654
SAOUHSC_00446	9	9	9
SAOUHSC_02470	294	294	294
SAOUHSC_00852	2	2	2
SAOUHSC_03046	370	370	370
SAOUHSC_00747	1118	1118	1118
SAOUHSC_00255	198	198	198
SAOUHSC_00260	112	112	112
SAOUHSC_00973	8537	8537	8537
SAOUHSC_02572	706	706	706
SAOUHSC_01950	28	28	28
SAOUHSC_02817	11	11	11
SAOUHSC_03000	28	28	28
SAOUHSC_00075	343	343	343
SAOUHSC_02320	2812	2812	2812
SAOUHSC_00271	874	874	874
SAOUHSC_00144	91605	91605	91605
SAOUHSC_02588	6	6	6
SAOUHSC_02808	8839	8839	8839
SAOUHSC_01292	40	40	40
SAOUHSC_01090	5	5	5
SAOUHSC_01055a	471	471	471
SAOUHSC_02886	22	22	22
SAOUHSC_01111	44	44	44
SAOUHSC_00841	598	598	598
SAOUHSC_02914	3	3	3
SAOUHSC_00254	47	47	47
SAOUHSC_00915	45	45	45
SAOUHSC_01923	183	183	183
SAOUHSC_00145	8291	8291	8291
SAOUHSC_02314	31776	31776	31776
SAOUHSC_02990	18649	18649	18649
SAOUHSC_00076	509	509	509
SAOUHSC_00074	5238	5238	5238
SAOUHSC_00249	827	827	827
SAOUHSC_A02331	90	90	90
SAOUHSC_01897	112	112	112
SAOUHSC_01353	236	236	236
SAOUHSC_02153	301	301	301
SAOUHSC_01957	553	553	553
SAOUHSC_02618	4668	4668	4668
SAOUHSC_02858	61	61	61
SAOUHSC_00704	2464	2464	2464
SAOUHSC_00612	127	127	127
SAOUHSC_00674	450	450	450
SAOUHSC_00775	498	498	498
SAOUHSC_00257	11236	11236	11236
SAOUHSC_00203	158	158	158
SAOUHSC_02157	934	934	934
SAOUHSC_00806	914	914	914
SAOUHSC_01363	2566	2566	2566
SAOUHSC_02664	2574	2574	2574
SAOUHSC_01030	748	748	748
SAOUHSC_00272	319	319	319
SAOUHSC_02798	10953	10953	10953
SAOUHSC_00808	3247	3247	3247
SAOUHSC_01120	2009	2009	2009
SAOUHSC_01394	370	370	370
SAOUHSC_00250	905	905	905
SAOUHSC_00205	3	3	3
SAOUHSC_00650	1	1	1
SAOUHSC_01294	1	1	1
SAOUHSC_01300	1	1	1
SAOUHSC_01765	3	3	3
SAOUHSC_01937	2	2	2
SAOUHSC_02339	1	1	1
SAOUHSC_02451	89	89	89
SAOUHSC_02616	1	1	1
SAOUHSC_02889	0	0	0
SAOUHSC_02940	1	1	1
SAOUHSC_A00526	1	1	1
SAOUHSC_02454	125	125	125
SAOUHSC_01603	329	322	329
SAOUHSC_02813	4124	4124	4124
SAOUHSC_01409	142	140	142
SAOUHSC_00360	964	964	964
SAOUHSC_00084	314	314	314
SAOUHSC_02521	374	374	374
SAOUHSC_00749	14697	14697	14697
SAOUHSC_02819	49	49	49
SAOUHSC_02315	10869	10869	10869
SAOUHSC_02759	4367	4367	4367
SAOUHSC_00289	80	80	80
SAOUHSC_02245	277	277	277
SAOUHSC_03005	162	162	162
SAOUHSC_00986	341	341	341
SAOUHSC_00261	970	970	970
SAOUHSC_00112	42	26	42
secY_2	196	196	196
SAOUHSC_00409	152	152	152
SAOUHSC_01422	216	216	216
SAOUHSC_00991	630	630	630
SAOUHSC_02619	4872	4872	4872
SAOUHSC_02991	5864	5864	5864
SAOUHSC_01324	5156	5156	5156
SAOUHSC_01905	19	17	19
SAOUHSC_00746	2357	2357	2357
SAOUHSC_02702	107	107	107
SAOUHSC_02928	92	92	92
SAOUHSC_00266	452	452	452
SAOUHSC_00926	1939	1939	1939
SAOUHSC_00300	35119	35119	35119
SAOUHSC_00993	43	43	43
SAOUHSC_02271	176	176	176
SAOUHSC_00135	420	420	420
SAOUHSC_00077	1033	1033	1033
SAOUHSC_01388	8	8	8
SAOUHSC_00588	367	367	367
SAOUHSC_00701	847	847	847
SAOUHSC_02156	10	10	10
SAOUHSC_00923	1208	1208	1208
SAOUHSC_01647	855	855	855
SAOUHSC_00913	35	35	35
SAOUHSC_00042	567	567	567
SAOUHSC_02378	2442	2442	2442
SAOUHSC_00927	4358	4358	4358
SAOUHSC_02008	2011	2011	2011
SAOUHSC_01984	444	444	444
SAOUHSC_00725	281	281	281
SAOUHSC_00544	6094	6049	6094
SAOUHSC_00259	502	502	502
SAOUHSC_01503	1574	1574	1574
SAOUHSC_00202	134	134	134
SAOUHSC_00357	2280	2280	2280
SAOUHSC_02795	400	400	400
SAOUHSC_01084	675	675	675
SAOUHSC_00753	544	544	544
SAOUHSC_02437	128	99	128
SAOUHSC_00044	609	609	609
SAOUHSC_01013	5470	5470	5470
SAOUHSC_00193	77	77	77
SAOUHSC_02104	58	58	58
SAOUHSC_01097	2285	2285	2285
SAOUHSC_00166	1308	1308	1308
SAOUHSC_03001	4494	4494	4494
SAOUHSC_01627	3936	3936	3936
SAOUHSC_00585	52	52	52
SAOUHSC_00837	13	13	13
SAOUHSC_00992	378	378	378
SAOUHSC_01789	6643	6643	6643
SAOUHSC_00844	906	906	906
SAOUHSC_00925	2184	2184	2184
SAOUHSC_01311	47	47	47
SAOUHSC_01484	13	13	13
SAOUHSC_02883	1657	1657	1657
SAOUHSC_02309	1017	1017	1017
SAOUHSC_01072	2291	2291	2291
SAOUHSC_00618	619	619	619
SAOUHSC_02800	8	8	8
SAOUHSC_00537	1392	1392	1392
SAOUHSC_00025	4621	4621	4621
SAOUHSC_02144	981	981	981
SAOUHSC_00936	65	65	65
SAOUHSC_00072	1816	1816	1816
SAOUHSC_01088	259	259	259
SAOUHSC_02256	2860	2860	2860
SAOUHSC_00163	2915	2915	2915
SAOUHSC_00046	220	220	220
SAOUHSC_00931	324	324	324
SAOUHSC_02944	239	239	239
SAOUHSC_00030	3619	3619	3619
SAOUHSC_00924	1483	1483	1483
SAOUHSC_00258	3657	3657	3657
SAOUHSC_02246	294	294	294
SAOUHSC_02678	1078	1078	1078
SAOUHSC_01010	837	837	837
SAOUHSC_02458	24	24	24
SAOUHSC_00275	507	369	507
SAOUHSC_00368	31	31	31
SAOUHSC_01310	22778	22778	22778
SAOUHSC_00164	2626	2626	2626
SAOUHSC_02275	40	40	40
SAOUHSC_01012	1580	1580	1580
SAOUHSC_03047	197	197	197
SAOUHSC_00842	1033	1033	1033
SAOUHSC_01918	52849	52849	52849
SAOUHSC_00706	3144	3144	3144
SAOUHSC_02688	8	8	8
SAOUHSC_00636	69280	69280	69280
SAOUHSC_02622	9262	9262	9262
SAOUHSC_02722	392	392	392
SAOUHSC_02865	82	82	82
SAOUHSC_02589	7356	7356	7356
SAOUHSC_00682	1962	1962	1962
SAOUHSC_00299	1301	1301	1301
SAOUHSC_00279	1985	1985	1985
SAOUHSC_01896	1528	1528	1528
SAOUHSC_01898	241	241	241
SAOUHSC_02528	1310	1310	1310
SAOUHSC_02973	1222	1222	1222
SAOUHSC_02570	262	262	262
SAOUHSC_02868	150	150	150
SAOUHSC_02258	1338	1338	1338
SAOUHSC_01799	20123	20123	20123
SAOUHSC_00540	505	505	505
SAOUHSC_01635	1095	1095	1095
SAOUHSC_00669	6715	6715	6715
SAOUHSC_02806	10762	10762	10762
SAOUHSC_01919	73842	73842	73842
SAOUHSC_00274	676	659	676
SAOUHSC_00744	35	34	35
SAOUHSC_01945	604	604	604
SAOUHSC_00965	2318	2318	2318
SAOUHSC_02609	83	83	83
SAOUHSC_00313	102057	102057	102057
SAOUHSC_01011	758	758	758
SAOUHSC_02666	3247	3247	3247
SAOUHSC_00800	2281	2281	2281
SAOUHSC_01304	629	629	629
SAOUHSC_00843	511	511	511
SAOUHSC_02465	5007	5007	5007
SAOUHSC_01014	4709	4709	4709
recX	4008	4008	4008
SAOUHSC_00089	118	118	118
SAOUHSC_01931	910	910	910
SAOUHSC_01085	648	648	648
SAOUHSC_01356	3017	3017	3017
SAOUHSC_00421	603	603	603
SAOUHSC_01954	118	118	118
SAOUHSC_01879	20388	20388	20388
SAOUHSC_00862	2879	2879	2879
SAOUHSC_01112	368	368	368
SAOUHSC_02651	2863	2863	2863
SAOUHSC_01604	7544	7474	7544
SAOUHSC_00134	682	682	682
SAOUHSC_01729	8437	8437	8437
SAOUHSC_00130	1075	1075	1075
SAOUHSC_02462	12	12	12
SAOUHSC_03018	285	285	285
SAOUHSC_00269	12171	9781	12171
SAOUHSC_02145	498	498	498
SAOUHSC_02794	1160	1160	1160
SAOUHSC_02811	11592	11592	11592
SAOUHSC_1342a	5423	5423	5423
SAOUHSC_00262	5394	5394	5394
SAOUHSC_00977	535	535	535
SAOUHSC_03004	156	156	156
SAOUHSC_02988	988	988	988
SAOUHSC_00347	1035	1035	1035
SAOUHSC_00838	9046	9046	9046
SAOUHSC_02335	6743	6743	6743
SAOUHSC_02608	1947	1947	1947
SAOUHSC_02475	505	505	505
SAOUHSC_01395	755	755	755
SAOUHSC_02624	4687	4687	4687
SAOUHSC_00389	69	69	69
SAOUHSC_00395	459	459	459
SAOUHSC_01137	5609	5609	5609
SAOUHSC_01922	2200	2200	2200
SAOUHSC_00199	20322	20322	20322
SAOUHSC_00700	1534	1533	1534
SAOUHSC_01124	83	83	83
SAOUHSC_02272	453	453	453
SAOUHSC_02631	3821	3821	3821
SAOUHSC_01155	2445	2445	2445
SAOUHSC_01015	3717	3717	3717
SAOUHSC_01173	1140	1140	1140
SAOUHSC_00634	132860	132860	132860
SAOUHSC_00748	2202	2202	2202
SAOUHSC_01016	2072	2072	2072
SAOUHSC_02971	815	815	815
SAOUHSC_00637	124655	124655	124655
SAOUHSC_00078	680	680	680
SAOUHSC_01999	7683	7683	7683
SAOUHSC_00131	451	451	451
SAOUHSC_02620	1445	1445	1445
SAOUHSC_01009	3588	3588	3588
SAOUHSC_02641	229	229	229
SAOUHSC_02777	3098	3098	3098
SAOUHSC_00175	3393	3393	3393
SAOUHSC_02585	6931	6931	6931
SAOUHSC_02409	70575	70575	70575
SAOUHSC_01023	50	50	50
SAOUHSC_02549	9181	9181	9181
SAOUHSC_02519	6992	6992	6992
SAOUHSC_01073	1891	1891	1891
SAOUHSC_01800	15216	15216	15216
SAOUHSC_00312	26242	26242	26242
SAOUHSC_00922	290	290	290
SAOUHSC_00497	2830	2830	2830
SAOUHSC_01942	42	42	42
SAOUHSC_00828	1534	1534	1534
SAOUHSC_02670	6112	6112	6112
SAOUHSC_02737	9013	9013	9013
SAOUHSC_01952	480	480	480
SAOUHSC_02575	3607	3607	3607
SAOUHSC_00351	273	273	273
SAOUHSC_00774	1820	1820	1820
SAOUHSC_00697	350	350	350
SAOUHSC_00290	10408	10408	10408
SAOUHSC_00548	6147	6147	6147
SAOUHSC_01921	1471	1471	1471
SAOUHSC_02524	3162	3162	3162
SAOUHSC_00662	1186	1186	1186
SAOUHSC_00053	182	182	182
SAOUHSC_01067	5551	5551	5551
SAOUHSC_00311	19738	19738	19738
SAOUHSC_00673	2426	2426	2426
SAOUHSC_00088	101	101	101
SAOUHSC_02529	5265	5265	5265
SAOUHSC_02744	3273	3273	3273
SAOUHSC_00162	26332	26332	26332
trpC	118	118	118
SAOUHSC_00229	925	925	925
SAOUHSC_02650	16031	16031	16031
SAOUHSC_02450	920	920	920
SAOUHSC_00050	1196	1196	1196
SAOUHSC_02605	1239	1239	1239
SAOUHSC_00264	386	386	386
SAOUHSC_00619	16941	16941	16941
SAOUHSC_00182	206	206	206
SAOUHSC_01387	150	150	150
SAOUHSC_02756	670	670	670
SAOUHSC_01396	853	853	853
SAOUHSC_01655	1077	1077	1077
SAOUHSC_01847	3145	3145	3145
SAOUHSC_00874	2405	2405	2405
SAOUHSC_00280	4709	4709	4709
SAOUHSC_00197	14725	14725	14725
SAOUHSC_00363	1755	1755	1755
SAOUHSC_02696	1141	1141	1141
SAOUHSC_00195	16444	16444	16444
SAOUHSC_01336	4822	4822	4822
SAOUHSC_00105	277	277	277
SAOUHSC_02599	1366	1366	1366
SAOUHSC_01798	903	903	903
SAOUHSC_03016	1290	1290	1290
SAOUHSC_00079	1155	1155	1155
SAOUHSC_00949	1664	1664	1664
SAOUHSC_00049	5688	5688	5688
SAOUHSC_00325	125	125	125
SAOUHSC_00173	2134	2134	2134
SAOUHSC_02731	8565	8565	8565
SAOUHSC_00376	154	154	154
SAOUHSC_01403	167967	167967	167967
SAOUHSC_00104	204	204	204
SAOUHSC_02937	2967	2967	2967
SAOUHSC_02773	21262	21262	21262
SAOUHSC_00198	20222	20222	20222
SAOUHSC_02390	24223	24223	24223
SAOUHSC_00335	1444	1444	1444
SAOUHSC_02923	1313	1313	1313
SAOUHSC_01617	5348	5348	5348
SAOUHSC_02810	19214	19214	19214
SAOUHSC_01180	3173	3173	3173
gpmA	31558	31558	31558
SAOUHSC_01707	11044	11044	11044
SAOUHSC_02476	729	729	729
SAOUHSC_01301	2	2	2
SAOUHSC_01397	933	933	933
SAOUHSC_01317	12840	12840	12840
ulaA	62101	62101	62101
SAOUHSC_00196	27130	27130	27130
SAOUHSC_00133	2268	2268	2268
SAOUHSC_00515	2523	2523	2523
SAOUHSC_01948	1600	1600	1600
SAOUHSC_00328	1205	1205	1205
SAOUHSC_01303	800	800	800
SAOUHSC_03022	6295	6295	6295
SAOUHSC_00383	898	898	898
SAOUHSC_01082	1005	1005	1005
SAOUHSC_00324	1702	1702	1702
SAOUHSC_02882	1555	1555	1555
SAOUHSC_00394	128	128	128
SAOUHSC_00329	828	828	828
SAOUHSC_00620	8035	8035	8035
SAOUHSC_00008	14539	14539	14539
SAOUHSC_01268	649	649	649
SAOUHSC_00041	1230	1230	1230
SAOUHSC_02837	309	309	309
SAOUHSC_00384	138	138	138
SAOUHSC_00080	1608	1606	1608
SAOUHSC_02001	11291	11291	11291
SAOUHSC_00961	71	71	71
SAOUHSC_01489	83	83	83
SAOUHSC_00136	50	50	50
SAOUHSC_01134	426	426	426
SAOUHSC_00220	5308	5308	5308
SAOUHSC_01650	2415	2415	2415
SAOUHSC_01849	6253	6253	6253
SAOUHSC_02151	1551	1551	1551
SAOUHSC_03048	121	121	121
SAOUHSC_02430	23776	23776	23776
SAOUHSC_00941	6825	6825	6825
SAOUHSC_01710	3461	3461	3461
SAOUHSC_00065	2282	2282	2282
SAOUHSC_02569	105	105	105
SAOUHSC_00948	18338	18338	18338
SAOUHSC_02905	387	387	387
SAOUHSC_03026	1161	1161	1161
SAOUHSC_01917	118	118	118
SAOUHSC_03028	5187	5187	5187
SAOUHSC_00178	3029	3029	3029
SAOUHSC_00256	1758	1758	1758
SAOUHSC_02912	21268	21268	21268
SAOUHSC_00132	291200	291200	291200
SAOUHSC_00422	1540	1540	1540
SAOUHSC_00962	785	785	785
SAOUHSC_02931	632	632	632
SAOUHSC_02986	647	647	647
SAOUHSC_01671	1900	1900	1900
SAOUHSC_02761	1298	1298	1298
SAOUHSC_01181	9093	9093	9093
SAOUHSC_02248	1176	1176	1176
SAOUHSC_01213	6024	6024	6024
SAOUHSC_01220	315	315	315
SAOUHSC_00221	8702	8702	8702
SAOUHSC_00740	2470	2470	2470
SAOUHSC_01464	18629	18629	18629
SAOUHSC_01899	267	267	267
SAOUHSC_01691	384	384	384
SAOUHSC_00222	11889	11889	11889
SAOUHSC_01110	1844	1844	1844
SAOUHSC_01008	1333	1333	1333
SAOUHSC_02449	1438	1438	1438
SAOUHSC_00845	129514	129514	129514
SAOUHSC_01414	4076	4076	4076
SAOUHSC_01640	71	71	71
SAOUHSC_02660	5599	5599	5599
SAOUHSC_01846	49596	49596	49596
SAOUHSC_00479	11802	11802	11802
SAOUHSC_02435	1236	1236	1236
SAOUHSC_00322	5235	5235	5235
SAOUHSC_02743	1823	1823	1823
SAOUHSC_00988	2103	2103	2103
SAOUHSC_02733	12336	12336	12336
SAOUHSC_01768	6659	6659	6659
SAOUHSC_02555	3974	3974	3974
SAOUHSC_00825	10569	10569	10569
SAOUHSC_02767	3402	3402	3402
SAOUHSC_01385	438	438	438
SAOUHSC_02960	4221	4221	4221
SAOUHSC_00276	758	578	758
SAOUHSC_02464	7538	7538	7538
SAOUHSC_00393	101	101	101
SAOUHSC_02471	1071	1071	1071
SAOUHSC_00007	2279	2279	2279
SAOUHSC_02593	2341	2341	2341
SAOUHSC_00176	4181	4181	4181
SAOUHSC_00885	7463	7463	7463
SAOUHSC_00177	5165	5165	5165
SAOUHSC_02719	605	605	605
SAOUHSC_02645	574	574	574
SAOUHSC_02842	220	220	220
nrdI	9291	8825	9291
SAOUHSC_00151	8059	8059	8059
SAOUHSC_02568	4117	4117	4117
SAOUHSC_01399	1865	1865	1865
SAOUHSC_00362	9374	9374	9374
SAOUHSC_00556	24931	24931	24931
SAOUHSC_00277	1191	1138	1191
SAOUHSC_02127	867	867	867
SAOUHSC_02911	2153	2153	2153
SAOUHSC_02014	3024	3024	3024
SAOUHSC_02790	6565	6565	6565
SAOUHSC_00678	8582	8582	8582
SAOUHSC_01296	657	657	657
SAOUHSC_02614	3506	3506	3506
SAOUHSC_01830	3406	3406	3406
SAOUHSC_01133	1767	1767	1767
SAOUHSC_01366	754	754	754
SAOUHSC_01657	1793	1793	1793
SAOUHSC_01440	568	568	568
SAOUHSC_01884	127869	127869	127869
SAOUHSC_02472	2262	2262	2262
SAOUHSC_00938	14130	14130	14130
SAOUHSC_00738	102706	102706	102706
SAOUHSC_02658	578	578	578
SAOUHSC_02910	5909	5909	5909
SAOUHSC_01835	2822	2816	2822
SAOUHSC_00314	2210	2210	2210
SAOUHSC_00707	4611	4611	4611
SAOUHSC_00052	138	134	138
SAOUHSC_01997	18281	18281	18281
SAOUHSC_02851	87	87	87
SAOUHSC_02801	13388	13388	13388
SAOUHSC_01986	9304	9304	9304
SAOUHSC_00143	2647	2647	2647
SAOUHSC_00081	833	833	833
SAOUHSC_02119	21635	21635	21635
SAOUHSC_01507	80	80	80
SAOUHSC_00204	8487	8487	8487
SAOUHSC_00810	490	490	490
SAOUHSC_00940	6769	6769	6769
SAOUHSC_00265	566	566	566
SAOUHSC_02739	5190	5190	5190
SAOUHSC_02259	8075	8075	8075
SAOUHSC_02523	1697	1697	1697
SAOUHSC_00586	570	570	570
SAOUHSC_02694	3058	3058	3058
SAOUHSC_01968	9433	9433	9433
SAOUHSC_02276	2826	2826	2826
SAOUHSC_03049	14221	14221	14221
SAOUHSC_02778	12558	12558	12558
SAOUHSC_01036	9752	9752	9752
SAOUHSC_02533	264	264	264
SAOUHSC_00297	5224	5224	5224
SAOUHSC_01062	8929	8929	8929
SAOUHSC_00218	38	38	38
SAOUHSC_00899	862	862	862
SAOUHSC_00082	1302	1302	1302
SAOUHSC_02863	146	146	146
SAOUHSC_00326	326	326	326
SAOUHSC_02587	8890	8890	8890
SAOUHSC_00381	427	427	427
SAOUHSC_01805	653	483	653
SAOUHSC_00359	1962	1962	1962
SAOUHSC_00880	2893	2893	2893
SAOUHSC_02949	1081	1081	1081
SAOUHSC_02695	1642	1642	1642
SAOUHSC_01279	3651	3651	3651
SAOUHSC_00410	1265	1265	1265
SAOUHSC_00555	2291	2291	2291
SAOUHSC_02553	2323	2323	2323
SAOUHSC_01343	6083	6083	6083
SAOUHSC_02247	952	952	952
SAOUHSC_02926	62869	62869	62869
purH	6174	6174	6174
SAOUHSC_02861	4672	4672	4672
SAOUHSC_00043	94	94	94
SAOUHSC_00392	476	476	476
SAOUHSC_02461	907	907	907
SAOUHSC_01398	1155	1155	1155
SAOUHSC_01908	25387	25387	25387
SAOUHSC_02699	13992	13980	13992
SAOUHSC_01880	105	75	105
SAOUHSC_01781	19039	19039	19039
SAOUHSC_02546	5972	5972	5972
SAOUHSC_00742	53306	52828	53306
SAOUHSC_02729	165221	165221	165221
SAOUHSC_01706	1178	1178	1178
SAOUHSC_02700	5566	5566	5566
SAOUHSC_00181	7155	7155	7155
SAOUHSC_02093	4038	4038	4038
SAOUHSC_02304	8425	8425	8425
SAOUHSC_00621	973	973	973
SAOUHSC_02532	567	567	567
SAOUHSC_01607	37	37	37
SAOUHSC_02775	1130	1130	1130
SAOUHSC_00062	94	94	94
SAOUHSC_02367	3968	3968	3968
SAOUHSC_02147	11166	11166	11166
SAOUHSC_01051	5450	5450	5450
SAOUHSC_00807	2165	2165	2165
SAOUHSC_00651	6276	6276	6276
SAOUHSC_02654	7068	7068	7068
SAOUHSC_00705	1072	1072	1072
SAOUHSC_02436	9860	9860	9860
SAOUHSC_02648	2840	2840	2840
SAOUHSC_01920	4410	4410	4410
SAOUHSC_02826	1257	1257	1257
SAOUHSC_00268	14934	14934	14934
SAOUHSC_00377	240	240	240
SAOUHSC_A02794	678	678	678
SAOUHSC_00106	351	351	351
SAOUHSC_02612	8654	8654	8654
SAOUHSC_01900	221	221	221
SAOUHSC_02691	1675	1675	1675
SAOUHSC_02552	1077	1077	1077
SAOUHSC_01639	40	40	40
holA	995	995	995
SAOUHSC_00830	2465	2465	2465
SAOUHSC_00454	6793	6793	6793
SAOUHSC_00267	362	362	362
SAOUHSC_00835	20723	20723	20723
SAOUHSC_00508	11200	11200	11200
SAOUHSC_00607	7737	7737	7737
SAOUHSC_01319	354	354	354
SAOUHSC_01478	1167	1167	1167
SAOUHSC_00605	4714	4714	4714
SAOUHSC_00987	2039	2039	2039
SAOUHSC_01709	16759	16759	16759
SAOUHSC_01728	5390	5390	5390
SAOUHSC_00989	4523	4523	4523
SAOUHSC_00086	3708	3708	3708
SAOUHSC_02460	12193	12193	12193
SAOUHSC_00440	4	4	4
SAOUHSC_01992	8696	8696	8696
SAOUHSC_02888	456	456	456
SAOUHSC_02741	2267	2267	2267
SAOUHSC_02843	4187	4187	4187
SAOUHSC_02783	676	676	676
SAOUHSC_00083	1283	1283	1283
SAOUHSC_00840	4161	4161	4161
SAOUHSC_01313	960	960	960
SAOUHSC_02003	4239	4239	4239
SAOUHSC_02831	1531	1531	1531
SAOUHSC_00864	9888	9888	9888
SAOUHSC_00428	5631	5631	5631
SAOUHSC_02992	558	558	558
SAOUHSC_02403	74011	74011	74011
SAOUHSC_00888	8042	8042	8042
SAOUHSC_01708	9716	9716	9716
SAOUHSC_02686	2893	2893	2893
SAOUHSC_01340	3873	3873	3873
SAOUHSC_00698	7402	7402	7402
SAOUHSC_01975	19678	19678	19678
SAOUHSC_02924	411	411	411
SAOUHSC_00370	6077	6077	6077
SAOUHSC_01462	35843	35843	35843
SAOUHSC_00535	89211	89211	89211
SAOUHSC_02757	2351	2351	2351
SAOUHSC_02780	1551	1551	1551
SAOUHSC_01367	354	354	354
SAOUHSC_01941	66	66	66
SAOUHSC_00026	502	195	502
SAOUHSC_00683	1278	1278	1278
SAOUHSC_00687	4704	4704	4704
SAOUHSC_A01081	26	26	26
SAOUHSC_02520	9200	9200	9200
SAOUHSC_01400	1914	1914	1914
SAOUHSC_02374	3238	3238	3238
SAOUHSC_02625	8281	8281	8281
SAOUHSC_02547	7188	7188	7188
SAOUHSC_00304	4863	4863	4863
SAOUHSC_00378	409	409	409
SAOUHSC_00366	26240	26240	26240
SAOUHSC_02846	7321	7321	7321
SAOUHSC_00180	6338	6338	6338
SAOUHSC_02584	4596	4596	4596
SAOUHSC_00367	4836	4836	4836
SAOUHSC_02308	11322	11322	11322
SAOUHSC_02766	1116	1116	1116
SAOUHSC_02828	2472	2472	2472
SAOUHSC_02829	17556	17556	17556
SAOUHSC_02803	4053	4012	4053
SAOUHSC_02626	9392	9392	9392
SAOUHSC_00702	4339	4339	4339
SAOUHSC_01452	93	93	93
SAOUHSC_02640	349	349	349
SAOUHSC_02862	37602	37602	37602
SAOUHSC_00371	35244	35244	35244
SAOUHSC_01018	7257	7257	7257
SAOUHSC_01762	4870	4870	4870
SAOUHSC_02417	56031	56031	56031
SAOUHSC_01407	12204	12204	12204
SAOUHSC_02600	10188	10188	10188
SAOUHSC_01152	4760	4760	4760
SAOUHSC_02621	963	963	963
SAOUHSC_00592	612	612	612
SAOUHSC_00010	411	411	411
SAOUHSC_01656	2661	2661	2661
SAOUHSC_00760	6428	6428	6428
SAOUHSC_00765	339	339	339
SAOUHSC_02669	5363	5363	5363
SAOUHSC_01991	488	488	488
SAOUHSC_02776	572	572	572
SAOUHSC_00179	7387	7387	7387
SAOUHSC_01479	2062	2062	2062
nusB	8737	8737	8737
ksgA	8565	8565	8565
SAOUHSC_00501	45963	45963	45963
SAOUHSC_01990	724	724	724
SAOUHSC_01947	1017	1017	1017
SAOUHSC_02891	1522	1522	1522
SAOUHSC_02961	7128	7128	7128
SAOUHSC_00821	4554	4554	4554
SAOUHSC_02424	3060	3060	3060
SAOUHSC_02713	512	512	512
SAOUHSC_02663	3820	3820	3820
SAOUHSC_00441	2175	2175	2175
SAOUHSC_02779	8694	8694	8694
SAOUHSC_02284	234	234	234
SAOUHSC_02698	17327	17320	17327
SAOUHSC_00358	76712	76712	76712
SAOUHSC_01096	3252	3252	3252
SAOUHSC_00868	256	256	256
SAOUHSC_00161	429	429	429
SAOUHSC_02615	1813	1813	1813
SAOUHSC_02687	3283	3283	3283
SAOUHSC_00582	492	492	492
SAOUHSC_00979	6734	6734	6734
nrdF	38125	38125	38125
SAOUHSC_02816	5456	5456	5456
SAOUHSC_02879	9045	9045	9045
SAOUHSC_00092	1125	1125	1125
SAOUHSC_02597	13005	13005	13005
SAOUHSC_00928	92	92	92
SAOUHSC_00567	4541	4541	4541
SAOUHSC_01609	13686	13683	13686
SAOUHSC_01597	9811	9811	9811
SAOUHSC_01818	288832	288832	288832
SAOUHSC_00027	1952	773	1952
SAOUHSC_00602	511	511	511
SAOUHSC_02632	4688	4688	4688
spxA	92530	92530	92530
SAOUHSC_00381a	42	42	42
SAOUHSC_00402	787	787	787
SAOUHSC_02774	7716	7716	7716
SAOUHSC_00192	1764	1764	1764
SAOUHSC_02628	3480	3480	3480
SAOUHSC_00386	98	98	98
SAOUHSC_01998	14425	14425	14425
SAOUHSC_01712	6670	6670	6670
SAOUHSC_01823	1261	1261	1261
SAOUHSC_02522	1649	1649	1649
SAOUHSC_01606	16144	16144	16144
SAOUHSC_01928	312	312	312
SAOUHSC_01711	9036	9036	9036
SAOUHSC_02845	5251	5251	5251
SAOUHSC_00124	669	669	669
SAOUHSC_01380	760	760	760
SAOUHSC_00247	2282	2282	2282
SAOUHSC_02662	323	323	323
SAOUHSC_01314	1781	1781	1781
SAOUHSC_00732	26686	26686	26686
SAOUHSC_02125	8311	8311	8311
SAOUHSC_02962	5063	5063	5063
SAOUHSC_01837	9201	9201	9201
SAOUHSC_02815	155635	155635	155635
SAOUHSC_00898	1547	1547	1547
SAOUHSC_00684	314	314	314
SAOUHSC_02445	7712	7712	7712
SAOUHSC_02647	75999	75999	75999
SAOUHSC_00213	373	373	373
SAOUHSC_01332	6633	6633	6633
SAOUHSC_01864	6796	6796	6796
SAOUHSC_02373	3479	3479	3479
SAOUHSC_01845	599724	599724	599724
SAOUHSC_00429	2826	2826	2826
SAOUHSC_02249	1017	1017	1017
SAOUHSC_00642	14511	14511	14511
SAOUHSC_00614	5251	5251	5251
SAOUHSC_00784	11005	11005	11005
SAOUHSC_02301	38371	38371	38371
SAOUHSC_02554	21009	21009	21009
SAOUHSC_01840	2326	2325	2326
trpD	398	398	398
SAOUHSC_01758	3297	3297	3297
SAOUHSC_02791	1903	1903	1903
SAOUHSC_02656	2275	2275	2275
SAOUHSC_02690	7997	7997	7997
SAOUHSC_00755	3957	3957	3957
SAOUHSC_00285	15554	15554	15554
SAOUHSC_01219	697	697	697
SAOUHSC_R0006	14801	325	14801
lspA	982	982	982
SAOUHSC_02929	59145	59145	59145
SAOUHSC_00284	7360	7360	7360
SAOUHSC_00726	2852	2852	2852
SAOUHSC_00703	6454	6454	6454
SAOUHSC_02751	7875	7875	7875
SAOUHSC_00960	11140	11140	11140
SAOUHSC_00150	299	299	299
SAOUHSC_02742	3691	3691	3691
SAOUHSC_02149	4246	4246	4246
SAOUHSC_00107	1934	1934	1934
SAOUHSC_00615	8667	8667	8667
SAOUHSC_02594	7537	7537	7537
SAOUHSC_02636	4003	4003	4003
SAOUHSC_02655	2	2	2
SAOUHSC_01591	6631	6631	6631
SAOUHSC_00816	873	873	873
SAOUHSC_02627	23186	23186	23186
SAOUHSC_02958	340	340	340
SAOUHSC_01405	3418	3418	3418
SAOUHSC_02818	787	787	787
SAOUHSC_01783	488	488	488
SAOUHSC_02146	4692	4692	4692
SAOUHSC_A02189	2005	2005	2005
SAOUHSC_00405	6706	6706	6706
aroB	3827	3827	3827
SAOUHSC_00093	6476	6476	6476
SAOUHSC_01228	28969	28969	28969
SAOUHSC_01224	12161	12161	12161
SAOUHSC_02830	7586	7586	7586
SAOUHSC_02740	5879	5879	5879
SAOUHSC_02653	2442	2442	2442
SAOUHSC_00672	4476	4476	4476
SAOUHSC_00094	11474	11474	11474
SAOUHSC_00056	13536	13536	13536
SAOUHSC_00482	7517	7517	7517
SAOUHSC_00345	2235	2235	2235
SAOUHSC_00404	1235	1235	1235
SAOUHSC_03030	22984	22984	22984
SAOUHSC_02307	5446	5446	5446
SAOUHSC_02590	40186	40186	40186
SAOUHSC_00332	2670	2670	2670
SAOUHSC_00185	3373	3373	3373
SAOUHSC_01386	411	411	411
SAOUHSC_01044	2443	2443	2443
SAOUHSC_02864	2010	2010	2010
SAOUHSC_02677	3986	3986	3986
SAOUHSC_00047	460	460	460
SAOUHSC_01698	3681	3681	3681
SAOUHSC_02728	941	941	941
SAOUHSC_00665	4769	4769	4769
SAOUHSC_01773	4543	4543	4543
SAOUHSC_00278	953	929	953
SAOUHSC_01103	34267	34267	34267
SAOUHSC_00754	3326	3326	3326
SAOUHSC_00186	2114	2114	2114
SAOUHSC_00382	2494	2494	2494
SAOUHSC_02420	2227	2227	2227
SAOUHSC_00316	489	489	489
SAOUHSC_00767	108410	108410	108410
SAOUHSC_00889	62271	62271	62271
SAOUHSC_00883	8201	8199	8201
SAOUHSC_02714	555	555	555
SAOUHSC_00773	488	488	488
SAOUHSC_02447	36018	36018	36018
SAOUHSC_02009	12471	12471	12471
SAOUHSC_02418	4515	4515	4515
SAOUHSC_01926	808	808	808
SAOUHSC_02351	37244	37244	37244
panB	14249	14249	14249
SAOUHSC_02936	2412	2412	2412
SAOUHSC_01081	7274	7274	7274
SAOUHSC_01719	19024	19024	19024
rnc	3995	3995	3995
SAOUHSC_02827	2991	2991	2991
SAOUHSC_00562	29861	29861	29861
SAOUHSC_02995	2605	2605	2605
SAOUHSC_02610	23443	23443	23443
SAOUHSC_00606	19822	19822	19822
SAOUHSC_01260	9790	9790	9790
SAOUHSC_02010	3914	3914	3914
SAOUHSC_01419	10343	10343	10343
SAOUHSC_00096	4612	4612	4612
SAOUHSC_00287	13122	13122	13122
SAOUHSC_02303	28371	28369	28371
SAOUHSC_02404	3805	3805	3805
SAOUHSC_02550	10059	10059	10059
SAOUHSC_01318	8003	8003	8003
SAOUHSC_02972	9469	9469	9469
SAOUHSC_01638	92	90	92
SAOUHSC_00939	12229	12229	12229
SAOUHSC_02750	3138	3138	3138
SAOUHSC_02402	39350	39350	39350
SAOUHSC_01459	2138	2138	2138
SAOUHSC_01747	19611	19611	19611
SAOUHSC_02649	14027	14027	14027
SAOUHSC_00863	2501	2501	2501
SAOUHSC_00616	14214	14214	14214
SAOUHSC_02444	42384	42384	42384
SAOUHSC_02545	9055	9055	9055
SAOUHSC_00881	4547	4547	4547
SAOUHSC_01066	17433	17433	17433
SAOUHSC_01721	17827	17827	17827
SAOUHSC_01439	2550	2550	2550
SAOUHSC_02383	20711	20711	20711
SAOUHSC_00547	6725	6725	6725
SAOUHSC_01138	24152	24152	24152
SAOUHSC_02148	3810	3810	3810
SAOUHSC_01593	4098	4098	4098
SAOUHSC_00452	21410	21410	21410
SAOUHSC_00596	422	422	422
SAOUHSC_02689	1230	1230	1230
SAOUHSC_02916	7184	7184	7184
SAOUHSC_00733	947	947	947
SAOUHSC_01590	1216	1216	1216
hisZ	51	51	51
SAOUHSC_01929	69	69	69
SAOUHSC_01615	30278	30278	30278
SAOUHSC_00995	1132	1132	1132
SAOUHSC_00477	31396	31396	31396
SAOUHSC_02974	2454	2454	2454
SAOUHSC_00420	871	871	871
SAOUHSC_02718	1122	1122	1122
SAOUHSC_00532	167984	167984	167984
SAOUHSC_00603	17548	17548	17548
SAOUHSC_00168	198	198	198
SAOUHSC_00248	7993	7993	7993
SAOUHSC_00067	48147	48147	48147
mraY	17406	17406	17406
SAOUHSC_02676	6595	6595	6595
SAOUHSC_01495	334	334	334
SAOUHSC_00330	2827	2827	2827
argC	612	612	612
SAOUHSC_00759	4729	4729	4729
SAOUHSC_02715	179	179	179
SAOUHSC_02665	15046	15046	15046
SAOUHSC_01985	5466	5466	5466
SAOUHSC_01987	50130	50130	50130
SAOUHSC_02909	17019	17019	17019
SAOUHSC_02812	3729	3729	3729
SAOUHSC_00465	17592	17592	17592
SAOUHSC_03035	1445	1445	1445
SAOUHSC_00818	386	386	386
SAOUHSC_00463	5437	5437	5437
SAOUHSC_02563	2673	2673	2673
SAOUHSC_02281	236	236	236
SAOUHSC_02781	849	849	849
SAOUHSC_00051	256	256	256
SAOUHSC_00664	6951	6951	6951
SAOUHSC_00480	20982	20982	20982
SAOUHSC_01468	1386	1386	1386
SAOUHSC_02090	7009	7009	7009
trmB	10437	10437	10437
SAOUHSC_00971	684	684	684
SAOUHSC_01951	275	275	275
SAOUHSC_01641	58	58	58
ureA	794	794	794
SAOUHSC_00832	3037	3037	3037
SAOUHSC_01666	132126	132126	132126
SAOUHSC_01977	97776	97776	97776
SAOUHSC_02541	3746	3746	3746
SAOUHSC_00169	191	191	191
SAOUHSC_01364	12286	12286	12286
SAOUHSC_02473	952	952	952
SAOUHSC_01360	7228	7228	7228
SAOUHSC_01115	1185	1185	1185
SAOUHSC_02930	3232	3232	3232
SAOUHSC_02853	110958	110958	110958
SAOUHSC_01026	7208	7208	7208
SAOUHSC_00668	7273	7273	7273
hisB	111	111	111
SAOUHSC_00298	3150	3150	3150
SAOUHSC_00531	8685	8685	8685
SAOUHSC_02644	5497	5497	5497
SAOUHSC_03019	1001	1001	1001
SAOUHSC_00699	12608	12608	12608
SAOUHSC_00391	201	201	201
SAOUHSC_01665	4291	4291	4291
SAOUHSC_01824	2985	2985	2985
SAOUHSC_00374	42392	42392	42392
SAOUHSC_00037	7632	7632	7632
SAOUHSC_01312	188	188	188
SAOUHSC_00200	2122	2122	2122
SAOUHSC_00064	800	800	800
SAOUHSC_00430	4780	4780	4780
SAOUHSC_00334	7488	7488	7488
SAOUHSC_00315	518	518	518
SAOUHSC_02002	150	150	150
SAOUHSC_02463	1437	1437	1437
SAOUHSC_00833	10170	10170	10170
SAOUHSC_00764	8617	8617	8617
SAOUHSC_02110	3818	3818	3818
SAOUHSC_02474	4443	4443	4443
SAOUHSC_01470	5219	5219	5219
rnpA	686	686	686
SAOUHSC_02133	14271	14271	14271
SAOUHSC_01061	11162	11162	11162
murG	18224	18224	18224
SAOUHSC_02322	1329	1329	1329
SAOUHSC_00836	185277	185277	185277
SAOUHSC_00933	23670	23670	23670
SAOUHSC_00613	6073	6073	6073
SAOUHSC_02092	68640	68640	68640
SAOUHSC_02623	18388	18388	18388
SAOUHSC_01974	64691	64691	64691
SAOUHSC_00663	21344	21344	21344
SAOUHSC_00055	558	534	558
SAOUHSC_00831	6515	6515	6515
SAOUHSC_02659	5562	5562	5562
SAOUHSC_02652	16064	16064	16064
rpsT	17964	17964	17964
SAOUHSC_02131	6840	6832	6840
SAOUHSC_02613	7281	7281	7281
SAOUHSC_02161	1110	1110	1110
SAOUHSC_00950	1944	1944	1944
cmk	12279	12279	12279
SAOUHSC_02935	2999	2999	2999
SAOUHSC_01819	35537	35537	35537
SAOUHSC_00406	16884	16884	16884
SAOUHSC_01832	1536	1536	1536
SAOUHSC_01282	14986	14986	14986
SAOUHSC_01643	612	612	612
SAOUHSC_01206	2123	2123	2123
SAOUHSC_00891	61667	61667	61667
SAOUHSC_02401	110002	110002	110002
SAOUHSC_02685	78	78	78
SAOUHSC_02833	351	351	351
SAOUHSC_00296	2923	2923	2923
SAOUHSC_02897	969	969	969
SAOUHSC_01174	9855	9855	9855
SAOUHSC_01649	11746	11746	11746
SAOUHSC_01981	5495	5495	5495
SAOUHSC_01964	36964	36964	36964
SAOUHSC_00787	13831	13831	13831
SAOUHSC_01048	839	839	839
SAOUHSC_02793	28455	28455	28455
SAOUHSC_00156	18389	18389	18389
SAOUHSC_01661	2483	2483	2483
SAOUHSC_01019	1522	1522	1522
SAOUHSC_00407	6179	6179	6179
SAOUHSC_00648	38616	38616	38616
SAOUHSC_02747	6218	6218	6218
SAOUHSC_00305	1816	1816	1816
SAOUHSC_01831	6474	6474	6474
SAOUHSC_02867	1814	1814	1814
SAOUHSC_02531	519	519	519
SAOUHSC_02797	672	672	672
miaA	5709	5709	5709
SAOUHSC_00499	224900	224900	224900
SAOUHSC_01040	528185	528185	528185
SAOUHSC_02443	134108	134108	134108
SAOUHSC_00820	5823	5823	5823
SAOUHSC_01914	6485	6485	6485
SAOUHSC_02711	107	107	107
SAOUHSC_01358	27058	27058	27058
SAOUHSC_02135	5174	5174	5174
SAOUHSC_02994	8104	8104	8104
SAOUHSC_00584	9429	9429	9429
SAOUHSC_02096	28078	28078	28078
SAOUHSC_01326	9056	9056	9056
panC	15026	15026	15026
SAOUHSC_00629	584	584	584
SAOUHSC_00932	407	407	407
SAOUHSC_00426	463	463	463
SAOUHSC_02963	48130	47398	48130
rbfA	9187	9187	9187
SAOUHSC_01086	565	555	565
SAOUHSC_01379	799	799	799
SAOUHSC_01108	6530	6530	6530
engB	2653	2653	2653
SAOUHSC_00103	208	208	208
SAOUHSC_00644	13671	13671	13671
SAOUHSC_02996	832	832	832
SAOUHSC_02150	40751	40751	40751
SAOUHSC_00424	122	122	122
SAOUHSC_02902	623	623	623
SAOUHSC_01225	13654	13654	13654
SAOUHSC_00875	60769	60769	60769
SAOUHSC_02987	1242	1242	1242
SAOUHSC_01978	3587	3587	3587
SAOUHSC_02103	2841	2841	2841
SAOUHSC_02871	9546	9546	9546
SAOUHSC_00919	13752	13752	13752
SAOUHSC_02091	38518	38518	38518
SAOUHSC_02970	131	131	131
SAOUHSC_01455	53224	53224	53224
SAOUHSC_00138	138	138	138
SAOUHSC_01911	598	451	598
SAOUHSC_02825	348	348	348
SAOUHSC_00237	958	958	958
SAOUHSC_01371	458	458	458
SAOUHSC_02993	581	581	581
SAOUHSC_00475	6382	6382	6382
SAOUHSC_00638	7829	7829	7829
SAOUHSC_02980	12926	12926	12926
SAOUHSC_02661	1665	1665	1665
SAOUHSC_03012	186	186	186
SAOUHSC_00944	8731	8731	8731
SAOUHSC_02908	5334	5334	5334
SAOUHSC_03020	116	116	116
SAOUHSC_02915	3187	3187	3187
rpsQ	21238	21238	21238
SAOUHSC_00242	3994	3994	3994
SAOUHSC_03013	191	191	191
SAOUHSC_02370	13532	13532	13532
SAOUHSC_00565	8457	8457	8457
SAOUHSC_R00011	2	2	2
SAOUHSC_02675	4356	4356	4356
SAOUHSC_02551	3016	3016	3016
SAOUHSC_00904	25579	25579	25579
SAOUHSC_01966	15031	15031	15031
SAOUHSC_02834	10653	10653	10653
SAOUHSC_00617	36231	36231	36231
SAOUHSC_00342	4226	4226	4226
SAOUHSC_00564	8190	8190	8190
SAOUHSC_01384	562	562	562
SAOUHSC_00963	20610	20610	20610
SAOUHSC_02595	1182	1182	1182
SAOUHSC_00766	187	187	187
SAOUHSC_01283	4961	4961	4961
SAOUHSC_02143	22970	22970	22970
SAOUHSC_00893	16875	16875	16875
SAOUHSC_00708	19342	19342	19342
SAOUHSC_02921	3841	3841	3841
SAOUHSC_02697	26010	26010	26010
SAOUHSC_01882	21085	21085	21085
SAOUHSC_02375	25922	25922	25922
SAOUHSC_01433	34228	34228	34228
SAOUHSC_00716	4425	4425	4425
SAOUHSC_02428	5350	5350	5350
SAOUHSC_02997	620	620	620
SAOUHSC_00327	490	490	490
SAOUHSC_01594	30279	30279	30279
SAOUHSC_02901	571	571	571
SAOUHSC_00959	16351	16351	16351
SAOUHSC_02386	3577	3576	3577
SAOUHSC_02391	6582	6582	6582
SAOUHSC_00137	261	261	261
SAOUHSC_02881	19928	19928	19928
SAOUHSC_01782	16346	16346	16346
SAOUHSC_02158	49331	49331	49331
SAOUHSC_02596	788	788	788
SAOUHSC_01483	6581	6581	6581
SAOUHSC_00714	33001	33001	33001
SAOUHSC_00739	2145	2145	2145
SAOUHSC_01065	7230	7230	7230
SAOUHSC_00456	3466	3466	3466
SAOUHSC_00333	5130	5130	5130
SAOUHSC_02371	11611	11611	11611
SAOUHSC_00873	30895	30895	30895
SAOUHSC_01002	228807	228807	228807
SAOUHSC_01821	17018	17018	17018
moaC	8661	8661	8661
SAOUHSC_00500	134114	134114	134114
SAOUHSC_01039	22268	22268	22268
SAOUHSC_01677	40378	40378	40378
SAOUHSC_00776	9072	9072	9072
SAOUHSC_02427	3474	3474	3474
SAOUHSC_02300	22836	22836	22836
SAOUHSC_02111	3142	3142	3142
SAOUHSC_01746	57754	57754	57754
SAOUHSC_02693	265	265	265
SAOUHSC_00295	6544	6544	6544
SAOUHSC_00886	40869	40869	40869
SAOUHSC_01734	21303	21303	21303
SAOUHSC_00216	542	542	542
SAOUHSC_02969	141	141	141
SAOUHSC_00318	2951	2951	2951
SAOUHSC_01069	11345	11345	11345
SAOUHSC_00666	7095	7095	7095
rpsA	204279	204279	204279
SAOUHSC_01054	25667	25667	25667
SAOUHSC_01589	6422	6422	6422
SAOUHSC_01365	24869	24869	24869
SAOUHSC_02434	7245	7245	7245
gcvT	138275	138275	138275
sucC	569755	569755	569755
SAOUHSC_02101	1215	1215	1215
SAOUHSC_01127	101	101	101
SAOUHSC_02565	3558	3558	3558
SAOUHSC_00533	56443	56443	56443
SAOUHSC_02577	70531	70531	70531
rpsN_1	778	778	778
SAOUHSC_01463	55279	55279	55279
SAOUHSC_00696	12977	12977	12977
SAOUHSC_00731	22485	22485	22485
mobA	8437	8437	8437
SAOUHSC_02692	1569	1569	1569
SAOUHSC_02643	1898	1898	1898
SAOUHSC_A00354	20	20	20
SAOUHSC_03017	293	293	293
SAOUHSC_02859	30098	30098	30098
SAOUHSC_01797	59637	59637	59637
SAOUHSC_00481	5570	5570	5570
SAOUHSC_00113	1334	1334	1334
SAOUHSC_00338	1795	1795	1795
leuD	272	272	272
SAOUHSC_00771	9443	9443	9443
SAOUHSC_00643	11061	11061	11061
SAOUHSC_01375	3635	3635	3635
infA	18725	18725	18725
SAOUHSC_02557	387	387	387
SAOUHSC_A00992	1129	1114	1129
SAOUHSC_02269	11935	11935	11935
SAOUHSC_01694	14398	14398	14398
SAOUHSC_00622	114	114	114
SAOUHSC_00587	1136	1136	1136
SAOUHSC_02876	6090	6090	6090
SAOUHSC_02260	13358	13358	13358
SAOUHSC_01629	13506	13506	13506
SAOUHSC_02788	1961	1961	1961
SAOUHSC_01480	10368	10368	10368
SAOUHSC_01836	26844	26844	26844
SAOUHSC_02985	10506	10506	10506
SAOUHSC_01825	2355	2355	2355
guaA	58939	58939	58939
SAOUHSC_02134	5883	5883	5883
SAOUHSC_00331	622	622	622
SAOUHSC_01660	8382	8382	8382
SAOUHSC_00489	6567	6567	6567
SAOUHSC_00812	78163	78151	78163
SAOUHSC_00538	11337	11337	11337
SAOUHSC_02006	13432	13432	13432
SAOUHSC_01633	235984	235984	235984
SAOUHSC_01608	1290	1288	1290
SAOUHSC_02433	3528	3528	3528
SAOUHSC_01630	26212	26212	26212
SAOUHSC_00690	48344	48344	48344
SAOUHSC_00013	760	760	760
SAOUHSC_01041	417055	417055	417055
SAOUHSC_00002	32899	32899	32899
SAOUHSC_00190	2372	2372	2372
SAOUHSC_02544	4888	4888	4888
SAOUHSC_00952	16829	16829	16829
SAOUHSC_01980	3880	3880	3880
SAOUHSC_00423	184	184	184
SAOUHSC_00142	361	361	361
SAOUHSC_00906	126658	126658	126658
SAOUHSC_00964	2263	2263	2263
SAOUHSC_02000	19661	19661	19661
SAOUHSC_01348	6860	6860	6860
SAOUHSC_00450	4831	4831	4831
SAOUHSC_01904	220	220	220
SAOUHSC_00884	4766	4766	4766
tmk	4209	4209	4209
SAOUHSC_00337	3349	3349	3349
SAOUHSC_02736	6789	6789	6789
SAOUHSC_00214	70	70	70
SAOUHSC_02382	2150	2150	2150
SAOUHSC_00552	10123	10123	10123
SAOUHSC_00763	7312	7312	7312
ureE	2444	2444	2444
SAOUHSC_01870	14597	14597	14597
SAOUHSC_01001	397190	397190	397190
SAOUHSC_02765	677	677	677
SAOUHSC_02877	19426	19426	19426
SAOUHSC_01267	19049	19049	19049
rpsH	30571	30571	30571
SAOUHSC_00686	23518	23518	23518
SAOUHSC_01653	341519	341519	341519
SAOUHSC_01160	5290	5290	5290
SAOUHSC_00572	4702	4702	4702
SAOUHSC_00219	1103	1103	1103
SAOUHSC_01982	16569	16569	16569
gltD	1357	1357	1357
SAOUHSC_00029	3	3	3
SAOUHSC_01122	4	4	4
SAOUHSC_01833	2350	2350	2350
SAOUHSC_01490	505685	505685	505685
SAOUHSC_02941	525	525	525
coaD	8485	8485	8485
SAOUHSC_01125	98	98	98
SAOUHSC_00344	3964	3964	3964
SAOUHSC_01007	91675	91675	91675
SAOUHSC_02426	1875	1875	1875
SAOUHSC_01752	5317	5317	5317
SAOUHSC_01043	664766	664766	664766
SAOUHSC_00679	15971	15971	15971
SAOUHSC_00720	1943	1943	1943
SAOUHSC_01027	18150	18150	18150
SAOUHSC_00670	40842	40842	40842
SAOUHSC_01792	19547	19547	19547
SAOUHSC_00170	463	463	463
SAOUHSC_00817	285	285	285
acpS	6534	6534	6534
SAOUHSC_02376	41069	41069	41069
SAOUHSC_00758	3804	3804	3804
SAOUHSC_00167	603	603	603
SAOUHSC_00779	13909	13909	13909
hslU	49781	49781	49781
SAOUHSC_01042	626920	626920	626920
SAOUHSC_00756	15053	15053	15053
SAOUHSC_00281	278	278	278
SAOUHSC_00571	2896	2896	2896
SAOUHSC_02372	13906	13906	13906
SAOUHSC_02822	107508	107508	107508
SAOUHSC_01144	52374	52366	52374
murD	37157	37157	37157
SAOUHSC_00369	41872	41872	41872
nadE	13522	13522	13522
SAOUHSC_00317	17412	17412	17412
SAOUHSC_01924	33	33	33
SAOUHSC_01156	12367	12367	12367
SAOUHSC_02967	572	572	572
SAOUHSC_00652	15898	15898	15898
SAOUHSC_01053	3032	3032	3032
SAOUHSC_02716	36	36	36
SAOUHSC_02880	17877	17877	17877
SAOUHSC_02126	40479	40479	40479
SAOUHSC_01602	3820	3820	3820
SAOUHSC_02305	21103	21103	21103
SAOUHSC_02287	608	608	608
secY_1	127631	127631	127631
SAOUHSC_02406	15754	15754	15754
SAOUHSC_00542	16413	16413	16413
SAOUHSC_00444	43827	43827	43827
SAOUHSC_00604	49283	49283	49283
SAOUHSC_02137	29852	29852	29852
SAOUHSC_02321	1201	1201	1201
SAOUHSC_02823	5193	5193	5193
SAOUHSC_02407	21251	21251	21251
SAOUHSC_01787	11795	11795	11795
SAOUHSC_01255	10678	10678	10678
SAOUHSC_01000	134496	134496	134496
SAOUHSC_01871	18974	18974	18974
SAOUHSC_01903	458	458	458
rocD	255494	255494	255494
SAOUHSC_02516	16326	16326	16326
SAOUHSC_00911	831	831	831
SAOUHSC_00645	6401	6401	6401
SAOUHSC_01064	27476	27476	27476
SAOUHSC_01732	14803	14803	14803
SAOUHSC_00895	460726	460726	460726
SAOUHSC_02913	2549	2549	2549
SAOUHSC_01076	5694	5694	5694
SAOUHSC_02334	910	910	910
SAOUHSC_01693	1298	1298	1298
SAOUHSC_01139	1923	1923	1923
SAOUHSC_00184	2583	2583	2583
SAOUHSC_00942	23559	23559	23559
SAOUHSC_01989	8634	8634	8634
SAOUHSC_01034	4726	4726	4726
SAOUHSC_01720	29162	29162	29162
SAOUHSC_00217	763	763	763
SAOUHSC_00892	7284	7284	7284
SAOUHSC_02581	17999	17999	17999
SAOUHSC_00431	3731	3731	3731
SAOUHSC_02875	6507	6507	6507
SAOUHSC_02947	10339	10339	10339
recA	72695	72695	72695
SAOUHSC_00306	4205	4205	4205
SAOUHSC_00969	101	101	101
SAOUHSC_00581	3260	3260	3260
SAOUHSC_00951	72424	72424	72424
SAOUHSC_01488	8587	8554	8587
SAOUHSC_01420	9515	9515	9515
SAOUHSC_01874	5228	5228	5228
SAOUHSC_00909	18326	18326	18326
SAOUHSC_02591	4811	4811	4811
SAOUHSC_01827	104374	104374	104374
SAOUHSC_02927	456228	456228	456228
rpmJ	13254	13254	13254
SAOUHSC_02366	249103	249103	249103
SAOUHSC_T00034	493	493	493
SAOUHSC_01718	2137	2137	2137
SAOUHSC_01872	9987	9987	9987
SAOUHSC_00455	8515	8515	8515
glmU	91485	91485	91485
SAOUHSC_02982	49037	49037	49037
SAOUHSC_01382	210	210	210
SAOUHSC_01820	59216	59216	59216
SAOUHSC_02299	36576	36545	36576
SAOUHSC_01218	583287	583287	583287
SAOUHSC_02442	52930	52930	52930
SAOUHSC_01350	9355	9355	9355
SAOUHSC_01158	34737	34737	34737
SAOUHSC_00999	68876	68876	68876
SAOUHSC_02760	12528	12528	12528
SAOUHSC_00033	630	630	630
SAOUHSC_00573	53316	53316	53316
SAOUHSC_02983	13099	13099	13099
dnaA	32150	32150	32150
SAOUHSC_01204	32147	32147	32147
SAOUHSC_02112	1770	1770	1770
uhpT	2342	2342	2342
SAOUHSC_00502	10696	10696	10696
SAOUHSC_02844	38021	38021	38021
SAOUHSC_01949	1777	1777	1777
SAOUHSC_01625	61996	61996	61996
SAOUHSC_01807	54259	54259	54259
SAOUHSC_00009	46353	46353	46353
SAOUHSC_02527	27378	27378	27378
SAOUHSC_01441	3608	3566	3608
SAOUHSC_02922	30790	30790	30790
rplE	46577	46577	46577
SAOUHSC_01501	137718	137718	137718
SAOUHSC_00554	85280	85280	85280
SAOUHSC_01189	12450	12450	12450
SAOUHSC_00553	76015	76015	76015
SAOUHSC_01988	2791	2791	2791
SAOUHSC_00781	23216	23216	23216
SAOUHSC_01596	3859	3859	3859
SAOUHSC_01254	11097	11097	11097
SAOUHSC_01188	13157	13157	13157
rimM	1365	1365	1365
SAOUHSC_00457	1462	1462	1462
SAOUHSC_02712	586	586	586
SAOUHSC_00472	82875	82875	82875
SAOUHSC_02785	991	991	991
SAOUHSC_02535	760	754	760
SAOUHSC_01251	85101	85101	85101
SAOUHSC_00653	4885	4885	4885
SAOUHSC_01907	16357	16357	16357
SAOUHSC_01860	10784	10784	10784
SAOUHSC_02789	1610	1610	1610
SAOUHSC_02538	2902	2902	2902
SAOUHSC_01869	25190	25190	25190
SAOUHSC_01190	10993	10993	10993
SAOUHSC_02262	10765	10765	10765
SAOUHSC_01605	114126	114126	114126
SAOUHSC_00543	10225	10225	10225
SAOUHSC_01165	3964	3964	3964
SAOUHSC_01338	17201	17201	17201
SAOUHSC_01114	2435	2435	2435
SAOUHSC_00887	11520	11520	11520
SAOUHSC_01333	13339	13339	13339
SAOUHSC_02457	4423	4423	4423
SAOUHSC_00365	116376	116376	116376
SAOUHSC_00715	33912	33911	33912
SAOUHSC_01595	1341	1341	1341
SAOUHSC_01362	11961	11961	11961
SAOUHSC_02456	5638	5638	5638
SAOUHSC_02468	2592	2592	2592
SAOUHSC_02984	13710	13710	13710
SAOUHSC_00713	20091	20091	20091
SAOUHSC_02289	606	606	606
SAOUHSC_01741	10406	10406	10406
SAOUHSC_00488	69937	69937	69937
SAOUHSC_00877	9214	9214	9214
SAOUHSC_00935	39703	39703	39703
SAOUHSC_01427	22278	22278	22278
SAOUHSC_02896	411	411	411
SAOUHSC_00910	27883	27883	27883
SAOUHSC_01850	50301	50301	50301
SAOUHSC_01775	3650	3650	3650
SAOUHSC_00147	781	781	781
SAOUHSC_01955	99	99	99
SAOUHSC_00102	356	356	356
SAOUHSC_00661	2325	2325	2325
SAOUHSC_02727	12955	12955	12955
SAOUHSC_01817	1912	1912	1912
SAOUHSC_01259	9407	9407	9407
SAOUHSC_00757	37230	37230	37230
SAOUHSC_00724	1979	1979	1979
SAOUHSC_02704	2462	2462	2462
SAOUHSC_01828	6578	6578	6578
SAOUHSC_02964	1844	1844	1844
SAOUHSC_01890	4816	4816	4816
SAOUHSC_02723	11683	11683	11683
SAOUHSC_02579	12791	12791	12791
SAOUHSC_02142	19104	19104	19104
rplN	40967	40967	40967
SAOUHSC_02400	121211	121211	121211
SAOUHSC_02410	1834	0	1834
SAOUHSC_01233	2283	2283	2283
SAOUHSC_00640	11156	11156	11156
fumC	123416	123416	123416
SAOUHSC_00641	25937	25937	25937
SAOUHSC_T00040	628	628	628
SAOUHSC_00819	35407	35407	35407
SAOUHSC_T00044	518	0	518
SAOUHSC_02095	39194	39194	39194
SAOUHSC_01341	2618	2618	2618
SAOUHSC_01895	22232	22232	22232
SAOUHSC_02679	108	108	108
SAOUHSC_02387	10166	10166	10166
SAOUHSC_00319	4310	4310	4310
SAOUHSC_01128	748	748	748
rplV	31689	31689	31689
cysS	17323	17323	17323
SAOUHSC_00301	6368	6368	6368
SAOUHSC_02441	446278	446278	446278
SAOUHSC_00461	70754	70754	70754
SAOUHSC_01632	292186	292186	292186
SAOUHSC_01257	7835	7835	7835
SAOUHSC_02998	203	203	203
SAOUHSC_00681	10097	10097	10097
SAOUHSC_00908	42864	42864	42864
SAOUHSC_00730	12505	12505	12505
SAOUHSC_01876	5425	5425	5425
SAOUHSC_01450	259	259	259
SAOUHSC_02152	9427	9427	9427
SAOUHSC_00085	1836	1836	1836
SAOUHSC_02907	1000	1000	1000
SAOUHSC_02943	1215	1215	1215
trmE	6744	6744	6744
SAOUHSC_02296	8917	8917	8917
SAOUHSC_00028	6	6	6
SAOUHSC_T00042	1417	0	1417
SAOUHSC_01423	13260	13260	13260
SAOUHSC_02869	920645	920645	920645
ruvA	9032	9032	9032
rplR	35328	35328	35328
secG	12117	12117	12117
SAOUHSC_00782	11105	11105	11105
SAOUHSC_01025	39961	39961	39961
SAOUHSC_01377	2385	2385	2385
SAOUHSC_01916	11583	11583	11583
SAOUHSC_01939	116	116	116
SAOUHSC_00139	689	689	689
SAOUHSC_02121	22212	22212	22212
SAOUHSC_01868	65905	65905	65905
SAOUHSC_03027	559	559	559
SAOUHSC_00414	21228	21228	21228
SAOUHSC_02136	3173	3173	3173
SAOUHSC_01692	7353	7353	7353
gidB	4163	4163	4163
SAOUHSC_01142	84856	84856	84856
SAOUHSC_01091	9426	9426	9426
SAOUHSC_02920	6739	6739	6739
SAOUHSC_00434	1177	1177	1177
SAOUHSC_02422	10524	10524	10524
SAOUHSC_01192	15230	15230	15230
SAOUHSC_T00041	1304	1304	1304
SAOUHSC_01060	4263	4263	4263
SAOUHSC_00632	4648	4648	4648
SAOUHSC_00483	55676	55676	55676
SAOUHSC_01089	480	480	480
SAOUHSC_01610	15926	15926	15926
SAOUHSC_00536	48872	48871	48872
SAOUHSC_01316	1254	1254	1254
SAOUHSC_01178	14894	14894	14894
SAOUHSC_01346	44741	44741	44741
SAOUHSC_01095	7953	7953	7953
SAOUHSC_00171	2558	2558	2558
SAOUHSC_01803	94158	94158	94158
SAOUHSC_00865	28401	28401	28401
SAOUHSC_00608	1910	1910	1910
SAOUHSC_00980	17550	17550	17550
SAOUHSC_00372	543	543	543
SAOUHSC_01891	514	514	514
SAOUHSC_01434	31612	31612	31612
SAOUHSC_01055	21852	21852	21852
SAOUHSC_00712	14229	14229	14229
SAOUHSC_02611	23078	23078	23078
SAOUHSC_01497	10633	10633	10633
SAOUHSC_01815	38483	38483	38483
SAOUHSC_01599	86775	86775	86775
SAOUHSC_02274	11778	11778	11778
SAOUHSC_02467	1249	1249	1249
SAOUHSC_00031	993	992	993
SAOUHSC_02542	9703	9703	9703
SAOUHSC_01852	13595	13595	13595
SAOUHSC_02525	36663	36663	36663
SAOUHSC_00020	23587	23587	23587
SAOUHSC_03052	13584	13584	13584
SAOUHSC_00866	32069	32069	32069
SAOUHSC_01194	17417	17417	17417
SAOUHSC_02097	68911	68911	68911
SAOUHSC_00734	1762	1762	1762
nrdR	10744	10744	10744
rpsS	35708	35708	35708
SAOUHSC_01274	2345	2345	2345
SAOUHSC_00655	29615	29615	29615
SAOUHSC_02725	10293	10293	10293
SAOUHSC_02674	380	380	380
pgk	103940	103940	103940
SAOUHSC_01253	55720	55720	55720
SAOUHSC_00846	7168	7168	7168
rplX	32496	32496	32496
SAOUHSC_01281	2898	2898	2898
SAOUHSC_01028	80648	80648	80648
rpsC	70164	70164	70164
tgt	51569	51569	51569
SAOUHSC_00307	5336	5336	5336
SAOUHSC_00539	7707	7707	7707
SAOUHSC_02564	3781	3781	3781
SAOUHSC_02999	194	194	194
SAOUHSC_00958	24182	24182	24182
hisH	135	135	135
SAOUHSC_00785	39779	39779	39779
SAOUHSC_02355	50500	50500	50500
SAOUHSC_02369	24623	24623	24623
SAOUHSC_01352	34179	34179	34179
SAOUHSC_02297	36160	36160	36160
SAOUHSC_00721	2240	2240	2240
SAOUHSC_01727	14041	14041	14041
SAOUHSC_00879	33250	33250	33250
SAOUHSC_T00026	3085	3073	3085
SAOUHSC_00736	16016	16016	16016
rho	65305	65305	65305
SAOUHSC_00364	250378	250378	250378
rplP	51793	51793	51793
SAOUHSC_02346	88117	88117	88117
SAOUHSC_00346	23273	23273	23273
rplD	64859	64859	64859
SAOUHSC_T00045	1054	1	1054
SAOUHSC_00373	2207	2207	2207
SAOUHSC_00541	4677	4677	4677
SAOUHSC_00947	68938	68938	68938
SAOUHSC_00694	82794	82794	82794
SAOUHSC_02517	22768	22768	22768
SAOUHSC_01873	2692	2692	2692
SAOUHSC_00189	37	37	37
SAOUHSC_01079	510	510	510
SAOUHSC_00985	116125	116125	116125
SAOUHSC_02139	12460	12460	12460
cbiO_2	5221	5221	5221
SAOUHSC_T00024	1120	1	1120
SAOUHSC_02755	20720	20720	20720
SAOUHSC_02887	219253	219253	219253
SAOUHSC_01258	17129	17129	17129
SAOUHSC_02680	482	482	482
rpsN_2	19395	19395	19395
SAOUHSC_00490	4385	4384	4385
ppnK	40552	40552	40552
SAOUHSC_03009	233	233	233
SAOUHSC_00984	12362	12362	12362
SAOUHSC_01354	24373	24373	24373
SAOUHSC_00057	5143	5143	5143
SAOUHSC_02423	26180	26180	26180
SAOUHSC_00719	4698	4698	4698
SAOUHSC_01476	3849	3849	3849
sucA	581144	581143	581144
SAOUHSC_02582	142822	142822	142822
SAOUHSC_02536	20808	20808	20808
SAOUHSC_02770	295	295	295
SAOUHSC_00953	33175	33175	33175
SAOUHSC_02957	4993	4993	4993
SAOUHSC_T00015	999	999	999
SAOUHSC_00795	276074	276074	276074
deoD	131836	131836	131836
SAOUHSC_02140	72804	72804	72804
SAOUHSC_02004	8265	8265	8265
SAOUHSC_00907	3658	3658	3658
SAOUHSC_00427	24140	24140	24140
SAOUHSC_00861	72342	72342	72342
SAOUHSC_00970	182	182	182
SAOUHSC_00859	8237	8237	8237
SAOUHSC_00996	6116	6116	6116
ureB	1364	1364	1364
SAOUHSC_T00029	84	0	84
SAOUHSC_02114	13169	13169	13169
SAOUHSC_02683	238	238	238
SAOUHSC_00294	9794	9794	9794
SAOUHSC_02363	55248	55248	55248
SAOUHSC_01454	19876	19876	19876
rpsE	56513	56513	56513
SAOUHSC_01499	11228	11228	11228
SAOUHSC_01330	1064	1064	1064
SAOUHSC_00575	70872	70872	70872
SAOUHSC_00600	992	987	992
nsaR	10848	10848	10848
SAOUHSC_00695	2998	2998	2998
SAOUHSC_00659	36344	36344	36344
fabZ	16175	16175	16175
SAOUHSC_00141	6317	6317	6317
frr	52045	52045	52045
rplF	45397	45397	45397
xseA	27971	27971	27971
SAOUHSC_01107	8049	8049	8049
SAOUHSC_01858	11386	11386	11386
SAOUHSC_01473	10470	10470	10470
SAOUHSC_01814	72394	72394	72394
SAOUHSC_00847	66172	66172	66172
SAOUHSC_00792	14189	14189	14189
SAOUHSC_01443	1655	1655	1655
SAOUHSC_01411	1758	1758	1758
SAOUHSC_00890	3740	3740	3740
SAOUHSC_00019	10243	10243	10243
SAOUHSC_01796	21639	21639	21639
SAOUHSC_00534	20849	20849	20849
SAOUHSC_01148	52516	52516	52516
SAOUHSC_01801	124295	124295	124295
SAOUHSC_02130	3859	3853	3859
SAOUHSC_01769	4359	4359	4359
SAOUHSC_01685	28455	28455	28455
SAOUHSC_00435	964	964	964
SAOUHSC_01448	474	474	474
rpsF	29590	29590	29590
SAOUHSC_01724	3345	3345	3345
SAOUHSC_00468	43144	43144	43144
rpmG_2	13958	13958	13958
recR	55991	55991	55991
SAOUHSC_01261	11738	11738	11738
SAOUHSC_00442	31172	31172	31172
pyrH	51720	51720	51720
SAOUHSC_01894	1089	1089	1089
SAOUHSC_01289	2	2	2
SAOUHSC_02796	9	9	9
SAOUHSC_00032	0	0	0
SAOUHSC_00212	0	0	0
SAOUHSC_00609	0	0	0
SAOUHSC_00745	0	0	0
SAOUHSC_01325	0	0	0
SAOUHSC_01494	0	0	0
SAOUHSC_01500	0	0	0
SAOUHSC_01514	0	0	0
SAOUHSC_01515	0	0	0
SAOUHSC_01516	0	0	0
SAOUHSC_01517	0	0	0
SAOUHSC_01518	0	0	0
SAOUHSC_01519	0	0	0
SAOUHSC_01520	0	0	0
SAOUHSC_01521	0	0	0
SAOUHSC_01522	0	0	0
SAOUHSC_01523	0	0	0
SAOUHSC_01524	0	0	0
SAOUHSC_01525	0	0	0
SAOUHSC_01526	0	0	0
SAOUHSC_01527	0	0	0
SAOUHSC_01528	0	0	0
SAOUHSC_01529	0	0	0
SAOUHSC_01530	0	0	0
SAOUHSC_01531	0	0	0
SAOUHSC_01532	0	0	0
SAOUHSC_01533	0	0	0
SAOUHSC_01535	0	0	0
SAOUHSC_01536	0	0	0
SAOUHSC_01537	0	0	0
SAOUHSC_01538	0	0	0
SAOUHSC_01539	0	0	0
SAOUHSC_01540	0	0	0
SAOUHSC_01541	0	0	0
SAOUHSC_01542	0	0	0
SAOUHSC_01543	0	0	0
SAOUHSC_01544	0	0	0
SAOUHSC_01545	0	0	0
SAOUHSC_01546	0	0	0
SAOUHSC_01547	0	0	0
SAOUHSC_01548	0	0	0
SAOUHSC_01549	0	0	0
SAOUHSC_01550	0	0	0
SAOUHSC_01551	0	0	0
SAOUHSC_01552	0	0	0
SAOUHSC_01553	0	0	0
SAOUHSC_01555	0	0	0
SAOUHSC_01556	0	0	0
SAOUHSC_01557	0	0	0
SAOUHSC_01558	0	0	0
SAOUHSC_01559	0	0	0
SAOUHSC_01560	0	0	0
SAOUHSC_01561	0	0	0
SAOUHSC_01562	0	0	0
SAOUHSC_01563	0	0	0
SAOUHSC_01565	0	0	0
SAOUHSC_01566	0	0	0
SAOUHSC_01567	0	0	0
SAOUHSC_01568	0	0	0
SAOUHSC_01569	0	0	0
SAOUHSC_01570	0	0	0
SAOUHSC_01571	0	0	0
SAOUHSC_01572	0	0	0
SAOUHSC_01573	0	0	0
SAOUHSC_01574	0	0	0
SAOUHSC_01575	0	0	0
SAOUHSC_01576	0	0	0
SAOUHSC_01577	0	0	0
SAOUHSC_01578	0	0	0
SAOUHSC_01579	0	0	0
SAOUHSC_01580	0	0	0
SAOUHSC_01582	0	0	0
SAOUHSC_01636	0	0	0
SAOUHSC_01851	0	0	0
SAOUHSC_02015	0	0	0
SAOUHSC_02016	0	0	0
SAOUHSC_02017	0	0	0
SAOUHSC_02018	0	0	0
SAOUHSC_02019	0	0	0
SAOUHSC_02020	0	0	0
SAOUHSC_02021	0	0	0
SAOUHSC_02022	0	0	0
SAOUHSC_02023	0	0	0
SAOUHSC_02025	0	0	0
SAOUHSC_02026	0	0	0
SAOUHSC_02027	0	0	0
SAOUHSC_02028	0	0	0
SAOUHSC_02029	0	0	0
SAOUHSC_02030	0	0	0
SAOUHSC_02031	0	0	0
SAOUHSC_02033	0	0	0
SAOUHSC_02034	0	0	0
SAOUHSC_02035	0	0	0
SAOUHSC_02036	0	0	0
SAOUHSC_02037	0	0	0
SAOUHSC_02038	0	0	0
SAOUHSC_02040	0	0	0
SAOUHSC_02041	0	0	0
SAOUHSC_02042	0	0	0
SAOUHSC_02043	0	0	0
SAOUHSC_02044	0	0	0
SAOUHSC_02046	0	0	0
SAOUHSC_02047	0	0	0
SAOUHSC_02048	0	0	0
SAOUHSC_02049	0	0	0
SAOUHSC_02050	0	0	0
SAOUHSC_02051	0	0	0
SAOUHSC_02052	0	0	0
SAOUHSC_02053	0	0	0
SAOUHSC_02054	0	0	0
SAOUHSC_02055	0	0	0
SAOUHSC_02056	0	0	0
SAOUHSC_02057	0	0	0
SAOUHSC_02058	0	0	0
SAOUHSC_02059	0	0	0
SAOUHSC_02060	0	0	0
SAOUHSC_02061	0	0	0
SAOUHSC_02062	0	0	0
SAOUHSC_02063	0	0	0
SAOUHSC_02064	0	0	0
SAOUHSC_02065	0	0	0
SAOUHSC_02066	0	0	0
SAOUHSC_02067	0	0	0
SAOUHSC_02068	0	0	0
SAOUHSC_02070	0	0	0
SAOUHSC_02071	0	0	0
SAOUHSC_02072	0	0	0
SAOUHSC_02073	0	0	0
SAOUHSC_02074	0	0	0
SAOUHSC_02075	0	0	0
SAOUHSC_02076	0	0	0
SAOUHSC_02077	0	0	0
SAOUHSC_02078	0	0	0
SAOUHSC_02079	0	0	0
SAOUHSC_02080	0	0	0
SAOUHSC_02081	0	0	0
SAOUHSC_02083	0	0	0
SAOUHSC_02084	0	0	0
SAOUHSC_02085	0	0	0
SAOUHSC_02086	0	0	0
SAOUHSC_02087	0	0	0
SAOUHSC_02088	0	0	0
SAOUHSC_02089	0	0	0
SAOUHSC_02164	0	0	0
SAOUHSC_02166	0	0	0
SAOUHSC_02167	0	0	0
SAOUHSC_02169	0	0	0
SAOUHSC_02170	0	0	0
SAOUHSC_02171	0	0	0
SAOUHSC_02173	0	0	0
SAOUHSC_02174	0	0	0
SAOUHSC_02177	0	0	0
SAOUHSC_02178	0	0	0
SAOUHSC_02179	0	0	0
SAOUHSC_02180	0	0	0
SAOUHSC_02181	0	0	0
SAOUHSC_02182	0	0	0
SAOUHSC_02183	0	0	0
SAOUHSC_02184	0	0	0
SAOUHSC_02185	0	0	0
SAOUHSC_02186	0	0	0
SAOUHSC_02187	0	0	0
SAOUHSC_02188	0	0	0
SAOUHSC_02189	0	0	0
SAOUHSC_02190	0	0	0
SAOUHSC_02191	0	0	0
SAOUHSC_02193	0	0	0
SAOUHSC_02194	0	0	0
SAOUHSC_02195	0	0	0
SAOUHSC_02196	0	0	0
SAOUHSC_02197	0	0	0
SAOUHSC_02198	0	0	0
SAOUHSC_02199	0	0	0
SAOUHSC_02200	0	0	0
SAOUHSC_02202	0	0	0
SAOUHSC_02203	0	0	0
SAOUHSC_02204	0	0	0
SAOUHSC_02205	0	0	0
SAOUHSC_02206	0	0	0
SAOUHSC_02207	0	0	0
SAOUHSC_02208	0	0	0
SAOUHSC_02209	0	0	0
SAOUHSC_02210	0	0	0
SAOUHSC_02211	0	0	0
SAOUHSC_02212	0	0	0
SAOUHSC_02213	0	0	0
SAOUHSC_02214	0	0	0
SAOUHSC_02215	0	0	0
SAOUHSC_02216	0	0	0
SAOUHSC_02217	0	0	0
SAOUHSC_02218	0	0	0
SAOUHSC_02219	0	0	0
SAOUHSC_02220	0	0	0
SAOUHSC_02221	0	0	0
SAOUHSC_02222	0	0	0
SAOUHSC_02223	0	0	0
SAOUHSC_02224	0	0	0
SAOUHSC_02225	0	0	0
SAOUHSC_02226	0	0	0
SAOUHSC_02227	0	0	0
SAOUHSC_02228	0	0	0
SAOUHSC_02229	0	0	0
SAOUHSC_02232	0	0	0
SAOUHSC_02233	0	0	0
SAOUHSC_02234	0	0	0
SAOUHSC_02235	0	0	0
SAOUHSC_02236	0	0	0
SAOUHSC_02237	0	0	0
SAOUHSC_02238	0	0	0
SAOUHSC_02239	0	0	0
SAOUHSC_02734	0	0	0
SAOUHSC_02934	0	0	0
SAOUHSC_A01514	0	0	0
SAOUHSC_01859	13250	13250	13250
SAOUHSC_02874	5620	5620	5620
rpmE2	36398	36398	36398
SAOUHSC_02013	53925	53925	53925
murB	16264	16264	16264
SAOUHSC_00014	19897	19897	19897
SAOUHSC_01145	86530	86525	86530
hemA	49188	49188	49188
hemE	13558	13558	13558
argJ	1291	1291	1291
SAOUHSC_01834	224	219	224
gltX	33394	33394	33394
SAOUHSC_00160	13892	13892	13892
SAOUHSC_01743	9717	9717	9717
adk	68924	68924	68924
SAOUHSC_02824	641	641	641
ubiE	22781	22781	22781
rpmB	141329	141329	141329
SAOUHSC_01472	23902	23902	23902
SAOUHSC_01047	555	555	555
SAOUHSC_02762	2478	2478	2478
SAOUHSC_00507	31770	31770	31770
SAOUHSC_00035	983	983	983
SAOUHSC_00054	477	437	477
SAOUHSC_01370	133	133	133
SAOUHSC_00654	7522	7522	7522
SAOUHSC_01078	23787	23787	23787
ileS	87195	87195	87195
SAOUHSC_02396	16956	16956	16956
SAOUHSC_02965	3543	3543	3543
ureC	6115	6115	6115
SAOUHSC_00058	5429	5429	5429
SAOUHSC_02592	3619	3619	3619
SAOUHSC_00172	1216	1216	1216
SAOUHSC_00882	649	649	649
SAOUHSC_02138	7625	7625	7625
SAOUHSC_00071	14831	14831	14831
SAOUHSC_01347	271683	271683	271683
SAOUHSC_01938	179	164	179
SAOUHSC_00231	3900	3900	3900
SAOUHSC_02154	11659	11659	11659
SAOUHSC_01586	45486	45486	45486
SAOUHSC_02504	17241	17241	17241
SAOUHSC_00876	6191	6191	6191
clpX	118474	118474	118474
SAOUHSC_02942	2166	2166	2166
SAOUHSC_02753	12922	12922	12922
clpP	86458	86458	86458
ndk	73880	73880	73880
secE	7782	7782	7782
SAOUHSC_02904	260	260	260
SAOUHSC_00966	346	346	346
SAOUHSC_01600	16338	16338	16338
rpsO	66344	66344	66344
glyA	144658	144658	144658
SAOUHSC_00158	22844	22844	22844
SAOUHSC_02708	1477	1477	1477
obgE	24062	24062	24062
murC	43353	43353	43353
SAOUHSC_01993	1754	0	1754
SAOUHSC_01772	21390	21390	21390
SAOUHSC_00467	15293	15293	15293
SAOUHSC_01622	7606	7606	7606
SAOUHSC_00975	2549	2549	2549
SAOUHSC_00514	9986	9986	9986
SAOUHSC_00433	4825	4825	4825
SAOUHSC_00215	60	60	60
SAOUHSC_02379	93758	70854	93758
SAOUHSC_01481	11189	11189	11189
SAOUHSC_00512	6162	6162	6162
mraW	150928	150928	150928
lysS	79988	79988	79988
SAOUHSC_T0002	549	0	549
rplO	43418	43418	43418
SAOUHSC_01477	165106	165106	165106
SAOUHSC_01866	26712	26712	26712
SAOUHSC_01149	187894	187894	187894
SAOUHSC_00473	23118	23118	23118
rpsR	19700	19700	19700
SAOUHSC_00309	26315	26315	26315
SAOUHSC_02485	92222	92222	92222
SAOUHSC_00656	21847	21847	21847
SAOUHSC_01759	15142	15142	15142
rpmD	18305	18305	18305
SAOUHSC_00230	9900	9900	9900
SAOUHSC_01915	8363	8363	8363
recF	32274	32274	32274
rplB	116515	116515	116515
SAOUHSC_01705	384	384	384
SAOUHSC_00003	9748	9748	9748
SAOUHSC_00968	194	194	194
SAOUHSC_00751	6669	6669	6669
SAOUHSC_01106	13436	13436	13436
SAOUHSC_01391	41589	41589	41589
SAOUHSC_02604	42940	42940	42940
SAOUHSC_01855	143302	143302	143302
SAOUHSC_01392	34522	34522	34522
SAOUHSC_01592	9660	9660	9660
SAOUHSC_00090	355	355	355
sdhB	153959	153959	153959
SAOUHSC_00788	31444	31444	31444
SAOUHSC_T00039	1462	0	1462
SAOUHSC_01118	3477	3286	3477
SAOUHSC_00401	2110	2110	2110
SAOUHSC_02005	2262	2262	2262
SAOUHSC_00723	3420	3420	3420
hisG	51	51	51
SAOUHSC_01861	19346	19346	19346
SAOUHSC_01416	280624	280624	280624
SAOUHSC_01100	56339	56339	56339
cbiO_1	8664	8664	8664
SAOUHSC_00211	6404	6404	6404
SAOUHSC_01673	21825	21825	21825
SAOUHSC_00786	29925	24300	29925
SAOUHSC_02285	536	536	536
ddl	49499	49499	49499
SAOUHSC_00418	46	46	46
SAOUHSC_01378	1167	1167	1167
SAOUHSC_00930	158	158	158
SAOUHSC_00412	55611	55611	55611
hslO	11946	11946	11946
SAOUHSC_00408	8170	8170	8170
SAOUHSC_00390	150	150	150
SAOUHSC_00783	7622	7622	7622
SAOUHSC_02852	3709	3709	3709
SAOUHSC_03025	2043	2043	2043
SAOUHSC_01969	36958	36958	36958
SAOUHSC_02317	57050	57050	57050
SAOUHSC_00982	6316	6316	6316
SAOUHSC_01806	152895	152895	152895
SAOUHSC_T00038	1470	0	1470
SAOUHSC_02894	931	931	931
SAOUHSC_01223	24608	24608	24608
murQ	12391	12391	12391
SAOUHSC_00398	5237	5236	5237
SAOUHSC_01237	10395	10395	10395
SAOUHSC_02724	10138	10138	10138
SAOUHSC_02270	269	269	269
SAOUHSC_01619	5805	5805	5805
SAOUHSC_00308	5045	5045	5045
SAOUHSC_02860	199679	199679	199679
tpx	85698	85698	85698
SAOUHSC_02945	5171	5171	5171
SAOUHSC_02580	17933	17933	17933
sdhA	266231	266231	266231
SAOUHSC_01408	40774	40774	40774
SAOUHSC_00024	7223	7223	7223
SAOUHSC_02377	174050	174050	174050
SAOUHSC_02481	6930	6930	6930
SAOUHSC_02638	10265	10265	10265
SAOUHSC_02772	11006	11006	11006
SAOUHSC_00349	41236	41236	41236
SAOUHSC_T00023	1050	833	1050
SAOUHSC_02106	16376	16376	16376
SAOUHSC_01376	4097	4097	4097
trpA	630	630	630
SAOUHSC_01913	2278	2278	2278
SAOUHSC_02895	1424	1424	1424
SAOUHSC_01867	39544	39544	39544
SAOUHSC_01263	155762	155762	155762
eutD	95841	95841	95841
SAOUHSC_01032	973	973	973
SAOUHSC_02682	1234	1234	1234
SAOUHSC_00762	5807	5807	5807
SAOUHSC_01071	17753	17753	17753
greA	20010	20010	20010
SAOUHSC_01437	20350	20350	20350
SAOUHSC_01676	97025	97025	97025
SAOUHSC_02668	1329	1329	1329
SAOUHSC_T00043	1391	0	1391
SAOUHSC_02900	64380	64380	64380
SAOUHSC_01256	13140	13140	13140
rplW	24224	24224	24224
SAOUHSC_01973	35867	35867	35867
SAOUHSC_02684	848	848	848
alaS	54768	54768	54768
SAOUHSC_00459	3776	3776	3776
SAOUHSC_01401	15671	15671	15671
rpsM	48424	48424	48424
SAOUHSC_00798	192289	192289	192289
SAOUHSC_01687	14271	8849	14271
SAOUHSC_01323	20596	20596	20596
SAOUHSC_01505	11263	11263	11263
SAOUHSC_00647	48849	48849	48849
prfC	21882	21882	21882
SAOUHSC_00526	22506	22506	22506
SAOUHSC_01374	57600	57600	57600
SAOUHSC_02319	25986	25986	25986
SAOUHSC_T0004	3759	1102	3759
uvrA	50878	50878	50878
SAOUHSC_02898	2145	2145	2145
SAOUHSC_00660	18560	18560	18560
SAOUHSC_01771	45028	45028	45028
SAOUHSC_01901	43757	43757	43757
SAOUHSC_02667	35560	35560	35560
SAOUHSC_01893	1459	1459	1459
SAOUHSC_02298	107073	107025	107073
upp	53576	53576	53576
SAOUHSC_01675	84110	84110	84110
SAOUHSC_00858	11856	11856	11856
SAOUHSC_01222	40464	40464	40464
SAOUHSC_00848	113438	113438	113438
SAOUHSC_02385	14522	14521	14522
hisS	14292	14292	14292
SAOUHSC_00091	297	297	297
SAOUHSC_02469	22	22	22
SAOUHSC_01502	12038	12038	12038
SAOUHSC_02802	2035	1998	2035
SAOUHSC_00633	14038	14038	14038
SAOUHSC_01932	5388	5388	5388
SAOUHSC_02337	51835	51835	51835
SAOUHSC_00811	2216	2216	2216
SAOUHSC_02899	26542	26542	26542
SAOUHSC_00209	3506	3504	3506
hemH	13733	13733	13733
SAOUHSC_02261	44089	44089	44089
SAOUHSC_00339	716	716	716
SAOUHSC_00352	160	160	160
SAOUHSC_01447	14530	14530	14530
SAOUHSC_01813	17058	17058	17058
SAOUHSC_01486	39367	39367	39367
SAOUHSC_01351	31543	31543	31543
SAOUHSC_01811	38746	38746	38746
SAOUHSC_01284	8486	8486	8486
SAOUHSC_02764	928	928	928
SAOUHSC_00417	10194	10194	10194
SAOUHSC_00839	1853	1852	1853
SAOUHSC_01726	16706	16706	16706
SAOUHSC_T00047	471	471	471
SAOUHSC_02979	70159	70159	70159
SAOUHSC_01130	3925	3925	3925
rpsD	75454	75454	75454
SAOUHSC_00722	1470	1470	1470
SAOUHSC_01680	5724	5724	5724
SAOUHSC_00983	20390	20390	20390
SAOUHSC_00223	13853	13853	13853
SAOUHSC_01701	12076	12076	12076
SAOUHSC_00789	27824	27824	27824
SAOUHSC_T0001	561	0	561
SAOUHSC_01672	12202	12202	12202
SAOUHSC_00015	89857	89857	89857
acpP	113634	113634	113634
rplS	58576	58576	58576
SAOUHSC_00735	983	971	983
SAOUHSC_01935	270	247	270
SAOUHSC_00513	11736	11736	11736
asnC	125563	125563	125563
SAOUHSC_00981	502	502	502
SAOUHSC_00206	1050	1050	1050
rplI	29945	29945	29945
SAOUHSC_00320	2569	2569	2569
SAOUHSC_01436	10244	10244	10244
SAOUHSC_02486	43293	43293	43293
SAOUHSC_02352	110595	110595	110595
SAOUHSC_02357	6081	6081	6081
SAOUHSC_01816	25318	25318	25318
SAOUHSC_02540	5607	5607	5607
SAOUHSC_01695	16239	16239	16239
SAOUHSC_02763	962	962	962
SAOUHSC_02268	21920	21920	21920
SAOUHSC_02671	713	713	713
SAOUHSC_01098	14955	14955	14955
SAOUHSC_00469	59515	59515	59515
pyrB	3386	3386	3386
SAOUHSC_00039	9918	9907	9918
SAOUHSC_01702	12056	12056	12056
SAOUHSC_02448	8869	8869	8869
SAOUHSC_01598	7125	7125	7125
SAOUHSC_01504	3595	3595	3595
SAOUHSC_00036	2083	2083	2083
SAOUHSC_01373	44287	44287	44287
argS	15898	15898	15898
gpsA	28487	28487	28487
SAOUHSC_00491	9930	9930	9930
SAOUHSC_00034	260	260	260
SAOUHSC_00021	49803	49803	49803
tpiA	104681	104681	104681
SAOUHSC_00504	27350	27350	27350
SAOUHSC_00109	40	40	40
rplQ	31061	31061	31061
rpsP	11393	11393	11393
SAOUHSC_00413	144543	144543	144543
SAOUHSC_01438	5034	5034	5034
SAOUHSC_01321	2052	2052	2052
SAOUHSC_T00051	2940	2641	2940
SAOUHSC_00710	30328	30328	30328
pyrE	2459	2459	2459
SAOUHSC_00510	7497	7497	7497
SAOUHSC_02257	7000	7000	7000
SAOUHSC_01936	209	209	209
SAOUHSC_01664	11992	11992	11992
SAOUHSC_01909	16426	16426	16426
rpmA	39654	39654	39654
SAOUHSC_02782	166	166	166
SAOUHSC_01614	41445	41445	41445
rplC	79964	79964	79964
SAOUHSC_00462	31448	31448	31448
SAOUHSC_01415	24877	24877	24877
SAOUHSC_01035	143803	143803	143803
SAOUHSC_00474	114596	114596	114596
SAOUHSC_01626	36339	36339	36339
SAOUHSC_01723	18610	18610	18610
SAOUHSC_01878	5347	5347	5347
SAOUHSC_T00059	135	0	135
SAOUHSC_00770	14	14	14
SAOUHSC_01715	16830	16830	16830
SAOUHSC_01266	45260	45260	45260
SAOUHSC_00485	11161	11161	11161
SAOUHSC_01074	5783	5783	5783
aspS	32948	32948	32948
ispD	31420	31420	31420
SAOUHSC_01933	11862	10830	11862
SAOUHSC_01912	4962	4962	4962
SAOUHSC_02282	481	481	481
SAOUHSC_00012	192	192	192
SAOUHSC_00946	16877	16877	16877
SAOUHSC_02849	62357	62357	62357
rpmG_1	13693	13693	13693
SAOUHSC_01320	1534	1534	1534
SAOUHSC_00945	11561	11561	11561
SAOUHSC_01944	160	160	160
SAOUHSC_01475	11971	11971	11971
SAOUHSC_03034	2050	2050	2050
SAOUHSC_01248	8456	8456	8456
SAOUHSC_01252	73990	73990	73990
SAOUHSC_01766	43423	43423	43423
SAOUHSC_01756	32615	32615	32615
SAOUHSC_01029	476066	476066	476066
valS	87107	87107	87107
truA	11869	11869	11869
SAOUHSC_02512a	50559	50559	50559
trmD	3277	3277	3277
SAOUHSC_01742	34800	34800	34800
SAOUHSC_01624	16266	16266	16266
SAOUHSC_00937	64009	64009	64009
SAOUHSC_01588	7390	7390	7390
SAOUHSC_00415	1003	1003	1003
SAOUHSC_00905	44881	44881	44881
rplL	43371	43371	43371
leuS	64772	64772	64772
SAOUHSC_00018	56793	56793	56793
SAOUHSC_T00013	1098	0	1098
SAOUHSC_02102	38001	38001	38001
SAOUHSC_00123	1938	1938	1938
SAOUHSC_02906	2608	2608	2608
SAOUHSC_01265	12558	12558	12558
SAOUHSC_01662	38399	38399	38399
SAOUHSC_00234	10763	10763	10763
SAOUHSC_02267	14362	14362	14362
SAOUHSC_02155	6841	6841	6841
SAOUHSC_00917	953	953	953
SAOUHSC_01791	19972	19972	19972
SAOUHSC_02122	28218	28218	28218
SAOUHSC_01070	7589	7589	7589
SAOUHSC_02416	5	5	5
SAOUHSC_01812	20194	20194	20194
SAOUHSC_02978	49609	49609	49609
SAOUHSC_00860	25015	25015	25015
SAOUHSC_00802	11350	11350	11350
SAOUHSC_02356	2827	2827	2827
SAOUHSC_02244	13764	13764	13764
eno	652849	652849	652849
SAOUHSC_02850	15145	15145	15145
SAOUHSC_02784	1197	1197	1197
SAOUHSC_00228	101906	101906	101906
SAOUHSC_02286	461	461	461
SAOUHSC_02280	1667	1667	1667
SAOUHSC_00558	2395	2395	2395
SAOUHSC_00530	1609942	1609942	1609942
nsaS	10675	10675	10675
SAOUHSC_01193	89590	89590	89590
glmM	52324	52324	52324
SAOUHSC_01699	13106	13106	13106
SAOUHSC_00598	435	435	435
SAOUHSC_00628	13983	13983	13983
SAOUHSC_02331	1784	1784	1784
SAOUHSC_01175	25526	25526	25526
SAOUHSC_01337	202782	202782	202782
SAOUHSC_01583	7494	7494	7494
SAOUHSC_01322	1773	1773	1773
SAOUHSC_01087	487	463	487
SAOUHSC_03021	115	115	115
SAOUHSC_00188	1902	1902	1902
SAOUHSC_02350	138293	138293	138293
SAOUHSC_01383	36882	36882	36882
SAOUHSC_00416	8872	8872	8872
rpsI	90053	90053	90053
secA	79922	79922	79922
SAOUHSC_01022	3048	3048	3048
SAOUHSC_00246	2071	2071	2071
SAOUHSC_01058	31696	31696	31696
SAOUHSC_01679	25163	25163	25163
SAOUHSC_00834	23207	23207	23207
SAOUHSC_03008	885	885	885
SAOUHSC_01045	849	849	849
uvrC	10980	10980	10980
pgi	175036	175036	175036
SAOUHSC_01179	38937	38937	38937
SAOUHSC_01826	24	24	24
SAOUHSC_00627	2549	2549	2549
SAOUHSC_01021	9245	9245	9245
SAOUHSC_00208	216	215	216
SAOUHSC_02706	7617	7617	7617
SAOUHSC_01854	90277	90277	90277
SAOUHSC_00658	12163	12163	12163
SAOUHSC_00400	2093	2093	2093
SAOUHSC_00580	843	843	843
SAOUHSC_00191	654	654	654
SAOUHSC_02349	66631	66631	66631
SAOUHSC_01730	20596	20596	20596
SAOUHSC_01670	12209	12209	12209
SAOUHSC_T00058	1237	382	1237
SAOUHSC_01249	27309	27309	27309
SAOUHSC_02836	7698	7698	7698
SAOUHSC_02124	6919	6919	6919
SAOUHSC_01141	9908	9908	9908
SAOUHSC_00023	22214	22214	22214
rpmH	19519	19519	19519
SAOUHSC_01474	11677	11677	11677
SAOUHSC_00901	3716	3716	3716
SAOUHSC_01735	13020	13020	13020
SAOUHSC_02123	25267	25267	25267
SAOUHSC_02786	4652	4652	4652
mutL	13481	13481	13481
SAOUHSC_01960	23883	23883	23883
SAOUHSC_00486	193555	193555	193555
SAOUHSC_01739	18645	18645	18645
SAOUHSC_01287	731338	731338	731338
SAOUHSC_01205	18195	18195	18195
thrS	70840	70840	70840
SAOUHSC_01164	10484	10484	10484
SAOUHSC_T00032	1519	1476	1519
SAOUHSC_03031	4106	4106	4106
rpoZ	8278	8278	8278
SAOUHSC_T00014	1139	0	1139
SAOUHSC_00503	15898	15898	15898
tsf	201113	201113	201113
SAOUHSC_00624	6295	6295	6295
SAOUHSC_02710	1344	1344	1344
SAOUHSC_01696	21397	21397	21397
SAOUHSC_00458	804	804	804
SAOUHSC_T00012	1188	0	1188
rplK	89394	89394	89394
SAOUHSC_02768	369	369	369
rplU	45902	45902	45902
SAOUHSC_00061	2372	2372	2372
SAOUHSC_01979	5326	5326	5326
rplA	114890	114890	114890
SAOUHSC_01077	63860	63860	63860
SAOUHSC_01802	70280	70280	70280
SAOUHSC_01585	26178	26178	26178
SAOUHSC_02754	8328	8328	8328
SAOUHSC_01469	8938	8938	8938
SAOUHSC_01129	1223	1223	1223
ruvB	18780	18780	18780
queA	16618	16618	16618
SAOUHSC_00517	37676	37676	37676
SAOUHSC_00626	3030	3030	3030
SAOUHSC_01185	18692	18692	18692
SAOUHSC_01186	11267	11267	11267
SAOUHSC_00397	13349	12005	13349
SAOUHSC_00854	16013	16013	16013
SAOUHSC_01686	2648	2648	2648
SAOUHSC_00528	118005	118005	118005
SAOUHSC_00101	57174	57174	57174
SAOUHSC_01163	12442	12442	12442
SAOUHSC_02107	36266	36266	36266
rplJ	99067	99067	99067
SAOUHSC_02933	3648	3648	3648
SAOUHSC_00100	19593	14787	19593
SAOUHSC_00187	5677	5677	5677
SAOUHSC_02646	1332	1332	1332
SAOUHSC_01451	119	119	119
SAOUHSC_01925	72	72	72
SAOUHSC_00878	202653	202653	202653
SAOUHSC_00005	70678	70678	70678
SAOUHSC_00226	54545	54545	54545
SAOUHSC_T00048	1688	76	1688
SAOUHSC_00559	562	562	562
SAOUHSC_01645	11777	11777	11777
rbgA	4815	4815	4815
SAOUHSC_01240	60197	60197	60197
SAOUHSC_01099	26664	26664	26664
SAOUHSC_01349	6133	6133	6133
SAOUHSC_00994	198099	198099	198099
SAOUHSC_00122	2744	2744	2744
SAOUHSC_01406	9855	9855	9855
SAOUHSC_T00053	1204	0	1204
SAOUHSC_01187	35602	35602	35602
infC	31242	31242	31242
SAOUHSC_01652	69150	69150	69150
SAOUHSC_00671	72173	72173	72173
SAOUHSC_03032	3577	3577	3577
SAOUHSC_01601	16064	16064	16064
SAOUHSC_00354	546	546	546
SAOUHSC_01667	16517	16517	16517
rpoB	302329	302329	302329
SAOUHSC_02160	212	212	212
coaE	22259	22259	22259
SAOUHSC_02848	16932	16931	16932
rplT	29748	29748	29748
rpsL	110921	110921	110921
SAOUHSC_01221	234	234	234
engA	46326	46326	46326
SAOUHSC_02885	64275	64275	64275
SAOUHSC_01663	21390	21390	21390
SAOUHSC_00525	297845	297845	297845
SAOUHSC_01050	25663	25663	25663
SAOUHSC_00437	14495	14495	14495
SAOUHSC_00610	3121	3121	3121
SAOUHSC_00523	8859	8859	8859
SAOUHSC_02294	69	69	69
SAOUHSC_00680	683	683	683
SAOUHSC_01150	292995	292995	292995
smpB	10193	10193	10193
SAOUHSC_01857	150143	150143	150143
SAOUHSC_00676	18020	18020	18020
SAOUHSC_01182	4950	4950	4950
SAOUHSC_02412	1953	1164	1953
SAOUHSC_01658	11886	11886	11886
SAOUHSC_00685	7009	7009	7009
rplM	65110	65110	65110
SAOUHSC_02343	204471	204471	204471
SAOUHSC_00667	7146	7146	7146
SAOUHSC_00484	13722	13722	13722
SAOUHSC_00914	38	38	38
SAOUHSC_00851	122105	122105	122105
SAOUHSC_01612	30252	30252	30252
SAOUHSC_00625	24295	24295	24295
SAOUHSC_01510	358	358	358
SAOUHSC_02425	65638	65638	65638
SAOUHSC_01381	767	767	767
SAOUHSC_00022	45975	45975	45975
SAOUHSC_00551	10737	10737	10737
SAOUHSC_02746	284	284	284
rnhB	4308	4308	4308
SAOUHSC_00691	14407	14407	14407
SAOUHSC_01644	25133	25133	25133
SAOUHSC_00227	84784	84784	84784
SAOUHSC_01425	8816	8816	8816
era	27923	27923	27923
SAOUHSC_01587	15507	15507	15507
SAOUHSC_01299	0	0	0
SAOUHSC_02266	13	13	13
hemC	11806	11806	11806
SAOUHSC_01239	25629	25629	25629
SAOUHSC_00549	25086	25086	25086
SAOUHSC_02347	111937	111937	111937
SAOUHSC_01688	48690	48690	48690
SAOUHSC_02324	5804	5804	5804
SAOUHSC_00560	397	397	397
SAOUHSC_00557	821	821	821
SAOUHSC_01238	13936	13936	13936
SAOUHSC_00693	9815	9815	9815
SAOUHSC_00976	754	754	754
SAOUHSC_01207	42764	42764	42764
SAOUHSC_01171	3138	3138	3138
SAOUHSC_00302	4503	4503	4503
SAOUHSC_01460	13691	13691	13691
SAOUHSC_01697	21696	21696	21696
atpC	113837	113837	113837
SAOUHSC_00439	2143	2143	2143
SAOUHSC_01910	203188	203188	203188
SAOUHSC_01153	28488	28488	28488
SAOUHSC_02327	40015	40015	40015
SAOUHSC_01623	41986	41986	41986
SAOUHSC_00954	17417	17417	17417
SAOUHSC_T00061	130	0	130
SAOUHSC_T00011	245	0	245
SAOUHSC_T00021	574	0	574
SAOUHSC_00438	3463	3463	3463
SAOUHSC_00152	18990	18990	18990
SAOUHSC_00794	87903	87903	87903
SAOUHSC_T00046	268	214	268
tig	214253	214253	214253
SAOUHSC_00675	34647	34647	34647
SAOUHSC_01611	39921	39921	39921
SAOUHSC_02241	602	602	602
SAOUHSC_01431	32720	32720	32720
SAOUHSC_02574	26655	26655	26655
SAOUHSC_00803	59097	59097	59097
SAOUHSC_00827	1613	1613	1613
SAOUHSC_01744	9259	9259	9259
SAOUHSC_02273	17797	17797	17797
SAOUHSC_01245	4713	4713	4713
SAOUHSC_00849	116374	116374	116374
SAOUHSC_T00054	1242	0	1242
SAOUHSC_00529	571875	571875	571875
SAOUHSC_00353	83	83	83
SAOUHSC_00006	110478	110478	110478
SAOUHSC_02341	391148	391148	391148
SAOUHSC_01659	17093	17093	17093
SAOUHSC_01288	117	117	117
gatA	81726	81726	81726
SAOUHSC_02345	352755	352755	352755
SAOUHSC_T0003	596	0	596
SAOUHSC_00692	7068	7068	7068
SAOUHSC_00323	6696	6576	6696
SAOUHSC_01646	35592	35592	35592
SAOUHSC_01764	64	64	64
SAOUHSC_01958	3547	3547	3547
SAOUHSC_00505	111620	111620	111620
SAOUHSC_02530	228	228	228
thyA	20693	20693	20693
SAOUHSC_00929	82	82	82
SAOUHSC_01306	11	11	11
SAOUHSC_01269	18334	18334	18334
SAOUHSC_00955	2768	2768	2768
SAOUHSC_01271	6060	6060	6060
SAOUHSC_01063	21704	21704	21704
SAOUHSC_02278	2064	2064	2064
SAOUHSC_00399	143	143	143
SAOUHSC_01700	28841	28841	28841
SAOUHSC_00153	80368	80368	80368
rpmI	17209	17209	17209
SAOUHSC_00550	19062	19062	19062
SAOUHSC_01877	10225	10225	10225
SAOUHSC_00855	19741	19741	19741
ipk	13504	13504	13504
SAOUHSC_T0006	21	21	21
SAOUHSC_01046	1782	1782	1782
SAOUHSC_02384	3156	3156	3156
SAOUHSC_T00022	777	0	777
rpsU	28883	28883	28883
SAOUHSC_00793	14447	14447	14447
SAOUHSC_02534	3283	3186	3283
SAOUHSC_01270	5441	5441	5441
SAOUHSC_01242	7773	7773	7773
polC	32843	32843	32843
SAOUHSC_01953	609	609	609
SAOUHSC_00896	12103	11635	12103
SAOUHSC_T00056	1439	1439	1439
SAOUHSC_01717	12283	12283	12283
SAOUHSC_00577	16016	16016	16016
SAOUHSC_01508	2238	2238	2238
gatC	22259	22259	22259
SAOUHSC_T00027	491	491	491
SAOUHSC_01184	17217	17217	17217
SAOUHSC_02873	20475	20475	20475
SAOUHSC_00569	50251	50251	50251
SAOUHSC_01412	6817	6817	6817
SAOUHSC_02681	409	409	409
SAOUHSC_02323	10222	10222	10222
SAOUHSC_01613	35099	35099	35099
SAOUHSC_01808	13665	13665	13665
SAOUHSC_00060	13109	13109	13109
SAOUHSC_01456	1473	1473	1473
SAOUHSC_01967	24084	24084	24084
SAOUHSC_02726	2719	2719	2719
SAOUHSC_00727	10429	10429	10429
SAOUHSC_02573	17830	17830	17830
groES	24425	24425	24425
SAOUHSC_T00055	1236	0	1236
SAOUHSC_T00025	705	0	705
SAOUHSC_00997	16339	16339	16339
pyrC	6927	6927	6927
pheT	44877	44877	44877
SAOUHSC_01432	64676	64676	64676
SAOUHSC_01031	2525	2525	2525
SAOUHSC_00578	23975	23975	23975
infB	50091	50091	50091
pyrG	34770	34770	34770
gatB	109575	109575	109575
SAOUHSC_02381	8637	8637	8637
SAOUHSC_00201	2282	2282	2282
SAOUHSC_00129	9344	9344	9344
pheS	15979	15979	15979
prfA	22351	22351	22351
SAOUHSC_00155	21690	21690	21690
SAOUHSC_01413	3469	3469	3469
SAOUHSC_02326	2209	2206	2209
SAOUHSC_01429	33506	33506	33506
SAOUHSC_T00033	1765	1765	1765
SAOUHSC_00850	48369	48369	48369
SAOUHSC_00822	1608	1608	1608
SAOUHSC_02752	5378	5378	5378
carB	17681	17681	17681
SAOUHSC_00729	12860	12860	12860
prmA	20179	20179	20179
SAOUHSC_02329	3187	3187	3187
SAOUHSC_01327	111436	111436	111436
SAOUHSC_00146	1888	1888	1888
SAOUHSC_01154	46660	46660	46660
SAOUHSC_01183	12493	12493	12493
SAOUHSC_00728	133983	133983	133983
SAOUHSC_02932	2936	2936	2936
SAOUHSC_02250	200	200	200
SAOUHSC_T00035	256	183	256
SAOUHSC_02113	6359	6359	6359
SAOUHSC_01584	4949	4557	4949
SAOUHSC_01049	4933	4933	4933
SAOUHSC_01770	555	555	555
SAOUHSC_02709	1105	1105	1105
SAOUHSC_01361	20766	20766	20766
SAOUHSC_01430	57408	57408	57408
SAOUHSC_00717	7010	7010	7010
SAOUHSC_01618	30945	30945	30945
SAOUHSC_01761a	147	147	147
SAOUHSC_01843	3106	3106	3106
recU	31580	31580	31580
SAOUHSC_02769	261	261	261
SAOUHSC_00711	41500	41500	41500
SAOUHSC_00579	27570	27570	27570
SAOUHSC_00282	3021	3021	3021
SAOUHSC_02277	7207	7207	7207
SAOUHSC_01467	239169	239169	239169
nusA	21440	21440	21440
SAOUHSC_00688	28270	28270	28270
SAOUHSC_02358	15263	15263	15263
SAOUHSC_00902	7854	7854	7854
SAOUHSC_00099	5930	5930	5930
SAOUHSC_02360	13922	13922	13922
SAOUHSC_00903	10527	10527	10527
SAOUHSC_02108	7296	7296	7296
SAOUHSC_T00060	121	0	121
SAOUHSC_00897	9781	9781	9781
SAOUHSC_01272	16473	16473	16473
SAOUHSC_00341	191	191	191
SAOUHSC_01682	19474	19474	19474
SAOUHSC_00291	1265	1265	1265
SAOUHSC_01716	23129	23129	23129
gmk	28735	28735	28735
SAOUHSC_01809	15007	15007	15007
SAOUHSC_T00030	1376	1340	1376
SAOUHSC_00340	226	226	226
SAOUHSC_00912	46971	46971	46971
SAOUHSC_T00036	1983	1866	1983
SAOUHSC_01169	6101	6101	6101
SAOUHSC_02251	51	51	51
SAOUHSC_01307	571	571	571
SAOUHSC_01810	21691	21691	21691
SAOUHSC_01359	34430	34430	34430
SAOUHSC_00957	6636	6636	6636
SAOUHSC_00689	21378	21378	21378
SAOUHSC_00396	21	21	21
def	24311	24311	24311
SAOUHSC_01513	2463	2463	2463
SAOUHSC_02264	109868	109868	109868
SAOUHSC_00646	5388	5388	5388
SAOUHSC_T00037	562	393	562
SAOUHSC_T0005	285	285	285
SAOUHSC_02325	2218	2208	2218
SAOUHSC_02855	4087	4087	4087
SAOUHSC_01244	4172	4172	4172
SAOUHSC_02243	259	259	259
SAOUHSC_02175	2504	2504	2504
SAOUHSC_T00010	714	0	714
SAOUHSC_01684	71358	71358	71358
SAOUHSC_02364	14473	14473	14473
SAOUHSC_02571	13311	13311	13311
SAOUHSC_02968	184	184	184
SAOUHSC_01121	27117	27117	27117
SAOUHSC_T00018	803	81	803
SAOUHSC_01512	2225	2225	2225
SAOUHSC_00236	8692	8692	8692
SAOUHSC_02330	3167	3167	3167
SAOUHSC_00128	9185	9185	9185
SAOUHSC_02316	50645	50645	50645
SAOUHSC_00336	117034	117034	117034
SAOUHSC_T00050	48	48	48
SAOUHSC_00293	1484	1484	1484
SAOUHSC_02892	1496	1496	1496
SAOUHSC_02265	93634	93634	93634
SAOUHSC_T0008	721	0	721
SAOUHSC_00121	2680	2680	2680
SAOUHSC_03006	96018	96018	96018
SAOUHSC_T00031	483	483	483
SAOUHSC_01275	59742	59742	59742
SAOUHSC_02893	1514	1514	1514
SAOUHSC_02394	3	3	3
SAOUHSC_T0009	725	0	725
SAOUHSC_02279	4558	4558	4558
SAOUHSC_01763	96	96	96
ribH	2345	2345	2345
dnaK	269559	269559	269559
SAOUHSC_00235	4059	4059	4059
SAOUHSC_02176	132	132	132
SAOUHSC_02365	35104	35104	35104
thiE	3011	3011	3011
SAOUHSC_02389	3386	3386	3386
SAOUHSC_00127	5813	5813	5813
SAOUHSC_02397	4979	4979	4979
SAOUHSC_02583	15274	15274	15274
SAOUHSC_02720	6	6	6
SAOUHSC_T00028	111	0	111
SAOUHSC_00126	3346	3346	3346
SAOUHSC_00120	6715	6715	6715
SAOUHSC_02672	437	437	437
SAOUHSC_01780	10	10	10
groEL	157349	157349	157349
SAOUHSC_03024	10400	10400	10400
SAOUHSC_00097	2811	2811	2811
SAOUHSC_00857	310	310	310
SAOUHSC_02721	1225	1225	1225
SAOUHSC_00125	6949	6949	6949
SAOUHSC_01285	120751	120751	120751
SAOUHSC_01511	2033	1858	2033
SAOUHSC_00119	7206	7206	7206
SAOUHSC_01298	4	4	4
SAOUHSC_00292	1634	1634	1634
SAOUHSC_02283	22	22	22
glpK	81999	81999	81999
SAOUHSC_00038	155	155	155
SAOUHSC_02012	8994	8994	8994
SAOUHSC_01200	6240	6240	6240
SAOUHSC_R00010	1172	0	1172
SAOUHSC_01135	5888	5888	5888
SAOUHSC_R00016	3	0	3
SAOUHSC_02399	637012	637012	637012
SAOUHSC_02411	114	114	114
SAOUHSC_02629	9307	9307	9307
SAOUHSC_01889	7063	7063	7063
SAOUHSC_00118	5785	5785	5785
SAOUHSC_02332	443	443	443
SAOUHSC_02100	7067	7067	7067
SAOUHSC_R0009	1225	0	1225
SAOUHSC_03033	7372	7372	7372
SAOUHSC_01838	100418	100418	100418
SAOUHSC_02099	18105	18105	18105
SAOUHSC_01199	79456	79456	79456
SAOUHSC_02840	8428	8428	8428
SAOUHSC_02388	1420	1420	1420
SAOUHSC_01972	54403	54403	54403
SAOUHSC_02975	52913	52913	52913
SAOUHSC_02976	34842	34842	34842
SAOUHSC_R0003	46957	1140	46957
SAOUHSC_00870	16595	16595	16595
SAOUHSC_00411	14	14	14
SAOUHSC_01976	13	13	13
SAOUHSC_02857	2	2	2
SAOUHSC_T00057	1	0	1
SAOUHSC_00116	5508	5508	5508
SAOUHSC_01196	27907	27907	27907
SAOUHSC_00921	92071	92071	92071
SAOUHSC_R0001	49020	1187	49020
SAOUHSC_01198	76422	76422	76422
SAOUHSC_01887	5491	5491	5491
SAOUHSC_00998	9251	9251	9251
SAOUHSC_00240	3297	3297	3297
SAOUHSC_02635	16196	16196	16196
SAOUHSC_00111	11	11	11
SAOUHSC_R0005	88	1	88
SAOUHSC_02841	17942	17942	17942
SAOUHSC_01278	23077	23077	23077
SAOUHSC_00871	3794	3794	3794
SAOUHSC_00114	3424	3424	3424
SAOUHSC_00115	4896	4896	4896
SAOUHSC_R0007	56570	1309	56570
SAOUHSC_02839	22997	22997	22997
SAOUHSC_00639	3614	3614	3614
SAOUHSC_00239	9470	9470	9470
SAOUHSC_02333	1894	1894	1894
SAOUHSC_02630	4535	4535	4535
SAOUHSC_00356	53682	53682	53682
SAOUHSC_01136	9718	9718	9718
SAOUHSC_01888	2920	2920	2920
SAOUHSC_00241	5736	5736	5736
SAOUHSC_R00013	6	0	6
SAOUHSC_00117	11399	11399	11399
SAOUHSC_02098	15611	15611	15611
SAOUHSC_01197	72113	72113	72113
SAOUHSC_01736	91	91	91
SAOUHSC_R0004	13602	310	13602
SAOUHSC_R0008	73888	1847	73888
SAOUHSC_T00019	6	0	6
SAOUHSC_T00049	146	146	146
SAOUHSC_T0007	66	17	66
SAOUHSC_00174	1426	1426	1426
SAOUHSC_01794	43810	43810	43810
SAOUHSC_03023	39345	39345	39345
SAOUHSC_02805	0	0	0
SAOUHSC_00920	35727	35727	35727
SAOUHSC_01839	27017	27017	27017
SAOUHSC_02576	7964	7964	7964
SAOUHSC_R00015	6	0	6
SAOUHSC_00872	58553	58553	58553
SAOUHSC_00154	9	9	9
SAOUHSC_01760	3894	3894	3894
SAOUHSC_A02811	1	1	1
SAOUHSC_R00014	2	0	2
SAOUHSC_00869	71265	71265	71265
SAOUHSC_02866	10360	10360	10360
SAOUHSC_01844	4	4	4
SAOUHSC_01761	3340	3340	3340
SAOUHSC_01005	27806	27806	27806
SAOUHSC_01068	6	6	6
SAOUHSC_02115	1	1	1
SAOUHSC_T00017	3	0	3
SAOUHSC_02745	20	20	20
SAOUHSC_R00012	5	0	5
SAOUHSC_02717	3	3	3
SAOUHSC_00561	5077	5077	5077
SAOUHSC_00737	0	0	0
SAOUHSC_00772	3	3	3
SAOUHSC_01339	2	2	2
SAOUHSC_01853	1	1	1
SAOUHSC_02838	7	7	7
SAOUHSC_02872	2109	2109	2109
SAOUHSC_00243	1	1	1
SAOUHSC_01402	2	2	2
SAOUHSC_01963	2	2	2
SAOUHSC_02953	26329	26329	26329
SAOUHSC_02954	9224	9224	9224
SAOUHSC_03041	3116	3116	3116
SAOUHSC_3042a	7872	6073	7872
SAOUHSC_00355	8116	8116	8116
SAOUHSC_03040	186092	165061	186092
SAOUHSC_03042	12305	10292	12305
SAOUHSC_03037	452882	452882	452882
SAOUHSC_03036	320751	320751	320751
SAOUHSC_03037a	11793	9053	11793
SAOUHSC_00108	0	0	0
SAOUHSC_00387	1	1	1
SAOUHSC_00583	1	1	1
SAOUHSC_00677	1	1	1
SAOUHSC_00778	0	0	0
SAOUHSC_00809	0	0	0
SAOUHSC_00867	2	2	2
SAOUHSC_00967	0	0	0
SAOUHSC_01003	0	0	0
SAOUHSC_01109	0	0	0
SAOUHSC_01883	0	0	0
SAOUHSC_01934	0	0	0
SAOUHSC_02069	1	1	1
SAOUHSC_02105	0	0	0
SAOUHSC_02459	0	0	0
SAOUHSC_02634	2	2	2
SAOUHSC_02804	0	0	0
SAOUHSC_02890	1	1	1
SAOUHSC_02939	1	1	1
SAOUHSC_02948	0	0	0
SAOUHSC_02950	0	0	0
SAOUHSC_A01436	0	0	0
SAOUHSC_A02169	1	1	1
