Feature ID	Single mutant - SM3_S6 (GE) - Expression values	Single mutant - SM3_S6 (GE) - Unique gene reads	Single mutant - SM3_S6 (GE) - Total gene reads
SAOUHSC_01037	4	4	4
SAOUHSC_00303	0	0	0
SAOUHSC_00978	23	23	23
SAOUHSC_02313	1	1	1
SAOUHSC_02518	1	1	1
SAOUHSC_A02577	0	0	0
SAOUHSC_01295	2	2	2
SAOUHSC_02705	3	3	3
SAOUHSC_01290	22	22	22
SAOUHSC_01291	2	2	2
SAOUHSC_02732	0	0	0
SAOUHSC_T00016	0	0	0
SAOUHSC_00823	88	88	88
SAOUHSC_02515	365	365	365
SAOUHSC_01930	6	6	6
SAOUHSC_02925	35	35	35
SAOUHSC_00069	512391	512391	512391
SAOUHSC_02312	12808	12808	12808
SAOUHSC_01357	81	81	81
SAOUHSC_02771	71	71	71
SAOUHSC_01315	5	5	5
SAOUHSC_00244	156	156	156
SAOUHSC_A02450	25	25	25
SAOUHSC_02799	8	8	8
SAOUHSC_02832	13	13	13
SAOUHSC_01902	45	45	45
SAOUHSC_02109	5	5	5
SAOUHSC_02657	1	1	1
SAOUHSC_01704	34	34	34
SAOUHSC_02603	404	404	404
SAOUHSC_01113	22	22	22
SAOUHSC_00853	19	19	19
SAOUHSC_01637	19	19	19
SAOUHSC_01421	3	3	3
SAOUHSC_01305	26	26	26
SAOUHSC_00253	6162	6162	6162
SAOUHSC_02311	23976	23976	23976
SAOUHSC_00599	59	59	59
SAOUHSC_01264	3307	3307	3307
SAOUHSC_02821	111	111	111
SAOUHSC_01628	146	146	146
SAOUHSC_00545	31479	31042	31479
SAOUHSC_00232	35170	35170	35170
SAOUHSC_01841	34	34	34
SAOUHSC_00087	1	1	1
SAOUHSC_00470	1	1	1
SAOUHSC_01230	17	17	17
SAOUHSC_02141	0	0	0
SAOUHSC_T00052	19	0	19
SAOUHSC_02566	2653	2653	2653
SAOUHSC_02338	457	457	457
SAOUHSC_02310	8677	8677	8677
SAOUHSC_R0002	50	0	50
SAOUHSC_02856	14	14	14
SAOUHSC_02820	384	384	384
SAOUHSC_01297	96	96	96
SAOUHSC_00233	120640	120640	120640
SAOUHSC_1307a	27	27	27
SAOUHSC_00916	35	35	35
SAOUHSC_01331	3	3	3
SAOUHSC_00270	352	352	352
SAOUHSC_02701	105	105	105
SAOUHSC_01863	704	704	704
SAOUHSC_01119	968	968	968
SAOUHSC_00824	156	156	156
SAOUHSC_01131	822	822	822
SAOUHSC_01293	8	8	8
SAOUHSC_02809	8655	8655	8655
SAOUHSC_02129	22	22	22
SAOUHSC_00718	221	221	221
SAOUHSC_00492	148	148	148
SAOUHSC_01024	2854	2854	2854
SAOUHSC_02455	29	29	29
SAOUHSC_02419	262	262	262
SAOUHSC_03002	174	174	174
SAOUHSC_01971	102	102	102
SAOUHSC_02432	7	7	7
SAOUHSC_00589	76	76	76
SAOUHSC_02452	99	99	99
SAOUHSC_00238	1	1	1
SAOUHSC_01123	312	312	312
SAOUHSC_02607	11279	11279	11279
SAOUHSC_00045	29	29	29
SAOUHSC_01101	60	60	60
SAOUHSC_02606	10109	10109	10109
SAOUHSC_03045	8635	8635	8635
SAOUHSC_00040	2	2	2
SAOUHSC_00826	3334	3334	3334
SAOUHSC_00070	1882	1882	1882
SAOUHSC_02453	72	72	72
SAOUHSC_T00020	4	0	4
SAOUHSC_01389	283	283	283
SAOUHSC_00251	913	913	913
SAOUHSC_00972	414	414	414
SAOUHSC_02393	470	470	470
SAOUHSC_03003	21	21	21
SAOUHSC_00591	233	233	233
SAOUHSC_01956	178	178	178
SAOUHSC_00593	122	122	122
SAOUHSC_01334	195	195	195
SAOUHSC_00446	7	7	7
SAOUHSC_02470	270	270	270
SAOUHSC_00852	1	1	1
SAOUHSC_03046	450	450	450
SAOUHSC_00747	1042	1042	1042
SAOUHSC_00255	216	216	216
SAOUHSC_00260	165	165	165
SAOUHSC_00973	5387	5387	5387
SAOUHSC_02572	1244	1244	1244
SAOUHSC_01950	23	23	23
SAOUHSC_02817	3	3	3
SAOUHSC_03000	22	22	22
SAOUHSC_00075	251	251	251
SAOUHSC_02320	2726	2726	2726
SAOUHSC_00271	637	637	637
SAOUHSC_00144	108553	108553	108553
SAOUHSC_02588	4	4	4
SAOUHSC_02808	18230	18230	18230
SAOUHSC_01292	65	65	65
SAOUHSC_01090	6	6	6
SAOUHSC_01055a	637	637	637
SAOUHSC_02886	39	39	39
SAOUHSC_01111	40	40	40
SAOUHSC_00841	666	666	666
SAOUHSC_02914	4	4	4
SAOUHSC_00254	51	51	51
SAOUHSC_00915	41	41	41
SAOUHSC_01923	214	214	214
SAOUHSC_00145	10223	10223	10223
SAOUHSC_02314	36988	36988	36988
SAOUHSC_02990	28405	28405	28405
SAOUHSC_00076	425	425	425
SAOUHSC_00074	4861	4861	4861
SAOUHSC_00249	939	939	939
SAOUHSC_A02331	59	59	59
SAOUHSC_01897	120	120	120
SAOUHSC_01353	203	203	203
SAOUHSC_02153	268	268	268
SAOUHSC_01957	610	610	610
SAOUHSC_02618	5716	5716	5716
SAOUHSC_02858	40	40	40
SAOUHSC_00704	6650	6650	6650
SAOUHSC_00612	136	136	136
SAOUHSC_00674	1363	1363	1363
SAOUHSC_00775	817	817	817
SAOUHSC_00257	13529	13529	13529
SAOUHSC_00203	193	193	193
SAOUHSC_02157	469	469	469
SAOUHSC_00806	1147	1147	1147
SAOUHSC_01363	1013	1013	1013
SAOUHSC_02664	1340	1340	1340
SAOUHSC_01030	750	750	750
SAOUHSC_00272	233	233	233
SAOUHSC_02798	12609	12609	12609
SAOUHSC_00808	4388	4388	4388
SAOUHSC_01120	3426	3426	3426
SAOUHSC_01394	358	358	358
SAOUHSC_00250	947	947	947
SAOUHSC_00205	0	0	0
SAOUHSC_00650	0	0	0
SAOUHSC_01294	13	13	13
SAOUHSC_01300	0	0	0
SAOUHSC_01765	2	2	2
SAOUHSC_01937	2	2	2
SAOUHSC_02339	1	1	1
SAOUHSC_02451	39	39	39
SAOUHSC_02616	2	2	2
SAOUHSC_02889	1	1	1
SAOUHSC_02940	0	0	0
SAOUHSC_A00526	0	0	0
SAOUHSC_02454	41	41	41
SAOUHSC_01603	259	252	259
SAOUHSC_02813	4259	4259	4259
SAOUHSC_01409	127	126	127
SAOUHSC_00360	847	847	847
SAOUHSC_00084	350	350	350
SAOUHSC_02521	229	229	229
SAOUHSC_00749	14070	14070	14070
SAOUHSC_02819	76	76	76
SAOUHSC_02315	12679	12679	12679
SAOUHSC_02759	5186	5186	5186
SAOUHSC_00289	92	92	92
SAOUHSC_02245	302	302	302
SAOUHSC_03005	147	147	147
SAOUHSC_00986	367	367	367
SAOUHSC_00261	1307	1307	1307
SAOUHSC_00112	18	14	18
secY_2	331	331	331
SAOUHSC_00409	206	206	206
SAOUHSC_01422	223	223	223
SAOUHSC_00991	416	416	416
SAOUHSC_02619	7345	7345	7345
SAOUHSC_02991	2813	2813	2813
SAOUHSC_01324	7814	7814	7814
SAOUHSC_01905	19	16	19
SAOUHSC_00746	2400	2400	2400
SAOUHSC_02702	128	128	128
SAOUHSC_02928	50	50	50
SAOUHSC_00266	497	497	497
SAOUHSC_00926	2700	2700	2700
SAOUHSC_00300	49383	49383	49383
SAOUHSC_00993	75	75	75
SAOUHSC_02271	192	192	192
SAOUHSC_00135	318	318	318
SAOUHSC_00077	760	760	760
SAOUHSC_01388	10	10	10
SAOUHSC_00588	382	382	382
SAOUHSC_00701	983	983	983
SAOUHSC_02156	3	3	3
SAOUHSC_00923	1338	1338	1338
SAOUHSC_01647	685	685	685
SAOUHSC_00913	52	52	52
SAOUHSC_00042	514	514	514
SAOUHSC_02378	1918	1918	1918
SAOUHSC_00927	6333	6333	6333
SAOUHSC_02008	1835	1835	1835
SAOUHSC_01984	335	335	335
SAOUHSC_00725	253	253	253
SAOUHSC_00544	5596	5560	5596
SAOUHSC_00259	632	632	632
SAOUHSC_01503	1492	1492	1492
SAOUHSC_00202	216	216	216
SAOUHSC_00357	2660	2660	2660
SAOUHSC_02795	356	356	356
SAOUHSC_01084	639	639	639
SAOUHSC_00753	398	398	398
SAOUHSC_02437	109	82	109
SAOUHSC_00044	796	796	796
SAOUHSC_01013	4796	4796	4796
SAOUHSC_00193	86	86	86
SAOUHSC_02104	43	43	43
SAOUHSC_01097	2117	2117	2117
SAOUHSC_00166	1137	1137	1137
SAOUHSC_03001	2265	2265	2265
SAOUHSC_01627	3364	3364	3364
SAOUHSC_00585	54	54	54
SAOUHSC_00837	26	26	26
SAOUHSC_00992	538	538	538
SAOUHSC_01789	7106	7106	7106
SAOUHSC_00844	1018	1018	1018
SAOUHSC_00925	2782	2782	2782
SAOUHSC_01311	75	75	75
SAOUHSC_01484	8	8	8
SAOUHSC_02883	1957	1957	1957
SAOUHSC_02309	1202	1202	1202
SAOUHSC_01072	1763	1763	1763
SAOUHSC_00618	419	419	419
SAOUHSC_02800	10	10	10
SAOUHSC_00537	1047	1047	1047
SAOUHSC_00025	7379	7379	7379
SAOUHSC_02144	578	578	578
SAOUHSC_00936	59	59	59
SAOUHSC_00072	1291	1291	1291
SAOUHSC_01088	211	211	211
SAOUHSC_02256	2491	2491	2491
SAOUHSC_00163	2653	2653	2653
SAOUHSC_00046	203	203	203
SAOUHSC_00931	336	336	336
SAOUHSC_02944	190	190	190
SAOUHSC_00030	3822	3822	3822
SAOUHSC_00924	1589	1589	1589
SAOUHSC_00258	4571	4571	4571
SAOUHSC_02246	338	338	338
SAOUHSC_02678	1159	1159	1159
SAOUHSC_01010	616	616	616
SAOUHSC_02458	10	10	10
SAOUHSC_00275	499	342	499
SAOUHSC_00368	9	9	9
SAOUHSC_01310	25483	25483	25483
SAOUHSC_00164	2307	2307	2307
SAOUHSC_02275	45	45	45
SAOUHSC_01012	1302	1302	1302
SAOUHSC_03047	250	250	250
SAOUHSC_00842	1365	1365	1365
SAOUHSC_01918	37842	37842	37842
SAOUHSC_00706	5699	5699	5699
SAOUHSC_02688	5	5	5
SAOUHSC_00636	44575	44575	44575
SAOUHSC_02622	9931	9931	9931
SAOUHSC_02722	339	339	339
SAOUHSC_02865	105	105	105
SAOUHSC_02589	5926	5926	5926
SAOUHSC_00682	1508	1508	1508
SAOUHSC_00299	397	397	397
SAOUHSC_00279	1670	1670	1670
SAOUHSC_01896	1806	1806	1806
SAOUHSC_01898	250	250	250
SAOUHSC_02528	1220	1220	1220
SAOUHSC_02973	1803	1803	1803
SAOUHSC_02570	230	230	230
SAOUHSC_02868	117	117	117
SAOUHSC_02258	1014	1014	1014
SAOUHSC_01799	24551	24551	24551
SAOUHSC_00540	273	273	273
SAOUHSC_01635	994	994	994
SAOUHSC_00669	6659	6659	6659
SAOUHSC_02806	22735	22735	22735
SAOUHSC_01919	54675	54675	54675
SAOUHSC_00274	766	748	766
SAOUHSC_00744	51	51	51
SAOUHSC_01945	575	575	575
SAOUHSC_00965	1935	1935	1935
SAOUHSC_02609	149	149	149
SAOUHSC_00313	89268	89268	89268
SAOUHSC_01011	600	600	600
SAOUHSC_02666	3830	3830	3830
SAOUHSC_00800	2204	2204	2204
SAOUHSC_01304	1041	1041	1041
SAOUHSC_00843	483	483	483
SAOUHSC_02465	6118	6118	6118
SAOUHSC_01014	4609	4609	4609
recX	4276	4276	4276
SAOUHSC_00089	101	101	101
SAOUHSC_01931	693	693	693
SAOUHSC_01085	653	653	653
SAOUHSC_01356	3243	3243	3243
SAOUHSC_00421	706	706	706
SAOUHSC_01954	98	98	98
SAOUHSC_01879	32935	32935	32935
SAOUHSC_00862	2878	2878	2878
SAOUHSC_01112	307	307	307
SAOUHSC_02651	2844	2844	2844
SAOUHSC_01604	6457	6392	6457
SAOUHSC_00134	964	964	964
SAOUHSC_01729	6309	6309	6309
SAOUHSC_00130	910	910	910
SAOUHSC_02462	7	7	7
SAOUHSC_03018	237	237	237
SAOUHSC_00269	11073	8812	11073
SAOUHSC_02145	537	537	537
SAOUHSC_02794	1050	1050	1050
SAOUHSC_02811	10089	10089	10089
SAOUHSC_1342a	6702	6702	6702
SAOUHSC_00262	6788	6788	6788
SAOUHSC_00977	535	535	535
SAOUHSC_03004	111	111	111
SAOUHSC_02988	1593	1593	1593
SAOUHSC_00347	323	323	323
SAOUHSC_00838	11649	11649	11649
SAOUHSC_02335	6917	6917	6917
SAOUHSC_02608	3001	3001	3001
SAOUHSC_02475	503	503	503
SAOUHSC_01395	665	665	665
SAOUHSC_02624	4569	4569	4569
SAOUHSC_00389	66	65	66
SAOUHSC_00395	381	381	381
SAOUHSC_01137	5712	5712	5712
SAOUHSC_01922	1270	1270	1270
SAOUHSC_00199	19970	19970	19970
SAOUHSC_00700	1660	1660	1660
SAOUHSC_01124	81	81	81
SAOUHSC_02272	452	452	452
SAOUHSC_02631	2904	2904	2904
SAOUHSC_01155	1877	1877	1877
SAOUHSC_01015	3689	3689	3689
SAOUHSC_01173	1455	1455	1455
SAOUHSC_00634	89875	89875	89875
SAOUHSC_00748	1992	1992	1992
SAOUHSC_01016	2119	2119	2119
SAOUHSC_02971	752	752	752
SAOUHSC_00637	77676	77676	77676
SAOUHSC_00078	488	488	488
SAOUHSC_01999	8158	8158	8158
SAOUHSC_00131	370	370	370
SAOUHSC_02620	1904	1904	1904
SAOUHSC_01009	2926	2926	2926
SAOUHSC_02641	118	118	118
SAOUHSC_02777	2826	2826	2826
SAOUHSC_00175	3848	3848	3848
SAOUHSC_02585	6792	6792	6792
SAOUHSC_02409	81653	81653	81653
SAOUHSC_01023	45	45	45
SAOUHSC_02549	11150	11150	11150
SAOUHSC_02519	8244	8244	8244
SAOUHSC_01073	1483	1483	1483
SAOUHSC_01800	20847	20847	20847
SAOUHSC_00312	24919	24919	24919
SAOUHSC_00922	306	306	306
SAOUHSC_00497	2581	2581	2581
SAOUHSC_01942	31	31	31
SAOUHSC_00828	1637	1637	1637
SAOUHSC_02670	4933	4933	4933
SAOUHSC_02737	7658	7658	7658
SAOUHSC_01952	650	650	650
SAOUHSC_02575	3385	3385	3385
SAOUHSC_00351	225	225	225
SAOUHSC_00774	2886	2886	2886
SAOUHSC_00697	270	270	270
SAOUHSC_00290	12505	12505	12505
SAOUHSC_00548	7170	7170	7170
SAOUHSC_01921	697	697	697
SAOUHSC_02524	2554	2554	2554
SAOUHSC_00662	897	897	897
SAOUHSC_00053	217	217	217
SAOUHSC_01067	5927	5927	5927
SAOUHSC_00311	19688	19688	19688
SAOUHSC_00673	1326	1326	1326
SAOUHSC_00088	66	66	66
SAOUHSC_02529	5288	5288	5288
SAOUHSC_02744	6908	6908	6908
SAOUHSC_00162	26899	26899	26899
trpC	115	115	115
SAOUHSC_00229	1357	1357	1357
SAOUHSC_02650	19602	19602	19602
SAOUHSC_02450	535	535	535
SAOUHSC_00050	1319	1319	1319
SAOUHSC_02605	1547	1547	1547
SAOUHSC_00264	426	426	426
SAOUHSC_00619	24896	24896	24896
SAOUHSC_00182	93	93	93
SAOUHSC_01387	225	225	225
SAOUHSC_02756	833	833	833
SAOUHSC_01396	750	750	750
SAOUHSC_01655	897	897	897
SAOUHSC_01847	4567	4567	4567
SAOUHSC_00874	2086	2086	2086
SAOUHSC_00280	4723	4723	4723
SAOUHSC_00197	14182	14182	14182
SAOUHSC_00363	1369	1369	1369
SAOUHSC_02696	1013	1013	1013
SAOUHSC_00195	17181	17181	17181
SAOUHSC_01336	4155	4155	4155
SAOUHSC_00105	225	225	225
SAOUHSC_02599	1362	1362	1362
SAOUHSC_01798	852	852	852
SAOUHSC_03016	1303	1303	1303
SAOUHSC_00079	773	773	773
SAOUHSC_00949	1805	1805	1805
SAOUHSC_00049	7016	7016	7016
SAOUHSC_00325	131	131	131
SAOUHSC_00173	1487	1487	1487
SAOUHSC_02731	8342	8342	8342
SAOUHSC_00376	133	133	133
SAOUHSC_01403	129583	129583	129583
SAOUHSC_00104	163	163	163
SAOUHSC_02937	4939	4939	4939
SAOUHSC_02773	24035	24035	24035
SAOUHSC_00198	19956	19956	19956
SAOUHSC_02390	17675	17675	17675
SAOUHSC_00335	1006	1006	1006
SAOUHSC_02923	888	888	888
SAOUHSC_01617	4418	4418	4418
SAOUHSC_02810	16784	16784	16784
SAOUHSC_01180	5291	5291	5291
gpmA	22145	22145	22145
SAOUHSC_01707	10876	10876	10876
SAOUHSC_02476	609	609	609
SAOUHSC_01301	3	3	3
SAOUHSC_01397	872	872	872
SAOUHSC_01317	12125	12125	12125
ulaA	65644	65644	65644
SAOUHSC_00196	27027	27027	27027
SAOUHSC_00133	1780	1780	1780
SAOUHSC_00515	1677	1677	1677
SAOUHSC_01948	1789	1789	1789
SAOUHSC_00328	646	646	646
SAOUHSC_01303	1431	1431	1431
SAOUHSC_03022	5624	5624	5624
SAOUHSC_00383	934	934	934
SAOUHSC_01082	1094	1094	1094
SAOUHSC_00324	2209	2209	2209
SAOUHSC_02882	1348	1348	1348
SAOUHSC_00394	102	102	102
SAOUHSC_00329	423	423	423
SAOUHSC_00620	4971	4971	4971
SAOUHSC_00008	20356	20356	20356
SAOUHSC_01268	688	688	688
SAOUHSC_00041	1005	1005	1005
SAOUHSC_02837	219	219	219
SAOUHSC_00384	115	115	115
SAOUHSC_00080	1066	1064	1066
SAOUHSC_02001	12577	12577	12577
SAOUHSC_00961	53	53	53
SAOUHSC_01489	91	90	91
SAOUHSC_00136	32	32	32
SAOUHSC_01134	463	463	463
SAOUHSC_00220	4907	4907	4907
SAOUHSC_01650	2824	2824	2824
SAOUHSC_01849	8820	8820	8820
SAOUHSC_02151	1393	1393	1393
SAOUHSC_03048	140	140	140
SAOUHSC_02430	28880	28880	28880
SAOUHSC_00941	7750	7750	7750
SAOUHSC_01710	3177	3177	3177
SAOUHSC_00065	2340	2340	2340
SAOUHSC_02569	89	89	89
SAOUHSC_00948	17961	17961	17961
SAOUHSC_02905	401	401	401
SAOUHSC_03026	1111	1111	1111
SAOUHSC_01917	125	125	125
SAOUHSC_03028	4465	4465	4465
SAOUHSC_00178	2808	2808	2808
SAOUHSC_00256	2226	2226	2226
SAOUHSC_02912	20438	20438	20438
SAOUHSC_00132	284847	284847	284847
SAOUHSC_00422	1682	1682	1682
SAOUHSC_00962	930	930	930
SAOUHSC_02931	447	447	447
SAOUHSC_02986	849	849	849
SAOUHSC_01671	1614	1614	1614
SAOUHSC_02761	936	936	936
SAOUHSC_01181	9293	9293	9293
SAOUHSC_02248	872	872	872
SAOUHSC_01213	5241	5241	5241
SAOUHSC_01220	240	240	240
SAOUHSC_00221	8298	8298	8298
SAOUHSC_00740	2668	2668	2668
SAOUHSC_01464	16193	16193	16193
SAOUHSC_01899	241	241	241
SAOUHSC_01691	360	360	360
SAOUHSC_00222	10241	10241	10241
SAOUHSC_01110	1297	1297	1297
SAOUHSC_01008	1232	1232	1232
SAOUHSC_02449	967	967	967
SAOUHSC_00845	151685	151685	151685
SAOUHSC_01414	3841	3841	3841
SAOUHSC_01640	50	50	50
SAOUHSC_02660	7601	7601	7601
SAOUHSC_01846	61971	61971	61971
SAOUHSC_00479	8547	8547	8547
SAOUHSC_02435	1117	1117	1117
SAOUHSC_00322	4755	4755	4755
SAOUHSC_02743	3234	3234	3234
SAOUHSC_00988	2635	2635	2635
SAOUHSC_02733	9903	9903	9903
SAOUHSC_01768	7170	7170	7170
SAOUHSC_02555	4409	4409	4409
SAOUHSC_00825	11504	11504	11504
SAOUHSC_02767	2806	2806	2806
SAOUHSC_01385	424	424	424
SAOUHSC_02960	4672	4672	4672
SAOUHSC_00276	804	580	804
SAOUHSC_02464	8664	8664	8664
SAOUHSC_00393	85	85	85
SAOUHSC_02471	913	913	913
SAOUHSC_00007	1796	1796	1796
SAOUHSC_02593	1932	1932	1932
SAOUHSC_00176	4346	4346	4346
SAOUHSC_00885	7175	7175	7175
SAOUHSC_00177	4791	4791	4791
SAOUHSC_02719	538	538	538
SAOUHSC_02645	968	968	968
SAOUHSC_02842	228	228	228
nrdI	9229	8778	9229
SAOUHSC_00151	6127	6127	6127
SAOUHSC_02568	4921	4921	4921
SAOUHSC_01399	1791	1791	1791
SAOUHSC_00362	7073	7073	7073
SAOUHSC_00556	27007	27007	27007
SAOUHSC_00277	1101	1045	1101
SAOUHSC_02127	605	605	605
SAOUHSC_02911	2041	2041	2041
SAOUHSC_02014	3288	3288	3288
SAOUHSC_02790	5634	5634	5634
SAOUHSC_00678	9110	9110	9110
SAOUHSC_01296	1065	1065	1065
SAOUHSC_02614	3294	3294	3294
SAOUHSC_01830	4153	4153	4153
SAOUHSC_01133	1956	1956	1956
SAOUHSC_01366	828	828	828
SAOUHSC_01657	1470	1470	1470
SAOUHSC_01440	643	643	643
SAOUHSC_01884	147620	147620	147620
SAOUHSC_02472	2167	2167	2167
SAOUHSC_00938	14863	14863	14863
SAOUHSC_00738	99595	99595	99595
SAOUHSC_02658	444	444	444
SAOUHSC_02910	5934	5934	5934
SAOUHSC_01835	2850	2847	2850
SAOUHSC_00314	2687	2687	2687
SAOUHSC_00707	8394	8394	8394
SAOUHSC_00052	200	192	200
SAOUHSC_01997	19212	19212	19212
SAOUHSC_02851	76	76	76
SAOUHSC_02801	14727	14727	14727
SAOUHSC_01986	9115	9115	9115
SAOUHSC_00143	3288	3288	3288
SAOUHSC_00081	566	565	566
SAOUHSC_02119	27125	27125	27125
SAOUHSC_01507	47	47	47
SAOUHSC_00204	12351	12351	12351
SAOUHSC_00810	530	530	530
SAOUHSC_00940	6196	6196	6196
SAOUHSC_00265	663	663	663
SAOUHSC_02739	5498	5498	5498
SAOUHSC_02259	10251	10251	10251
SAOUHSC_02523	1440	1440	1440
SAOUHSC_00586	651	651	651
SAOUHSC_02694	3455	3455	3455
SAOUHSC_01968	11632	11632	11632
SAOUHSC_02276	3136	3136	3136
SAOUHSC_03049	13879	13879	13879
SAOUHSC_02778	12882	12882	12882
SAOUHSC_01036	8442	8442	8442
SAOUHSC_02533	200	200	200
SAOUHSC_00297	5587	5587	5587
SAOUHSC_01062	10697	10697	10697
SAOUHSC_00218	41	41	41
SAOUHSC_00899	944	944	944
SAOUHSC_00082	895	895	895
SAOUHSC_02863	143	143	143
SAOUHSC_00326	271	271	271
SAOUHSC_02587	4765	4765	4765
SAOUHSC_00381	537	537	537
SAOUHSC_01805	429	292	429
SAOUHSC_00359	1488	1488	1488
SAOUHSC_00880	1965	1965	1965
SAOUHSC_02949	2559	2559	2559
SAOUHSC_02695	1907	1907	1907
SAOUHSC_01279	3636	3636	3636
SAOUHSC_00410	1624	1624	1624
SAOUHSC_00555	1787	1787	1787
SAOUHSC_02553	2716	2716	2716
SAOUHSC_01343	4534	4534	4534
SAOUHSC_02247	898	898	898
SAOUHSC_02926	88504	88504	88504
purH	6345	6345	6345
SAOUHSC_02861	4581	4581	4581
SAOUHSC_00043	154	154	154
SAOUHSC_00392	367	367	367
SAOUHSC_02461	1010	1010	1010
SAOUHSC_01398	1227	1227	1227
SAOUHSC_01908	25608	25608	25608
SAOUHSC_02699	9516	9514	9516
SAOUHSC_01880	109	83	109
SAOUHSC_01781	17634	17634	17634
SAOUHSC_02546	6030	6030	6030
SAOUHSC_00742	47224	46781	47224
SAOUHSC_02729	175021	175021	175021
SAOUHSC_01706	1057	1057	1057
SAOUHSC_02700	3824	3824	3824
SAOUHSC_00181	6597	6597	6597
SAOUHSC_02093	2783	2783	2783
SAOUHSC_02304	10485	10485	10485
SAOUHSC_00621	887	887	887
SAOUHSC_02532	507	507	507
SAOUHSC_01607	23	23	23
SAOUHSC_02775	977	977	977
SAOUHSC_00062	87	87	87
SAOUHSC_02367	3767	3767	3767
SAOUHSC_02147	10716	10716	10716
SAOUHSC_01051	6013	6013	6013
SAOUHSC_00807	3097	3097	3097
SAOUHSC_00651	8525	8525	8525
SAOUHSC_02654	6312	6312	6312
SAOUHSC_00705	1521	1521	1521
SAOUHSC_02436	8924	8924	8924
SAOUHSC_02648	4095	4095	4095
SAOUHSC_01920	2247	2247	2247
SAOUHSC_02826	1506	1506	1506
SAOUHSC_00268	14386	14386	14386
SAOUHSC_00377	254	254	254
SAOUHSC_A02794	1765	1765	1765
SAOUHSC_00106	425	425	425
SAOUHSC_02612	9263	9263	9263
SAOUHSC_01900	228	228	228
SAOUHSC_02691	2346	2346	2346
SAOUHSC_02552	1140	1140	1140
SAOUHSC_01639	27	27	27
holA	818	818	818
SAOUHSC_00830	2604	2604	2604
SAOUHSC_00454	6033	6033	6033
SAOUHSC_00267	381	381	381
SAOUHSC_00835	19353	19353	19353
SAOUHSC_00508	9670	9670	9670
SAOUHSC_00607	7856	7856	7856
SAOUHSC_01319	399	399	399
SAOUHSC_01478	794	794	794
SAOUHSC_00605	4479	4479	4479
SAOUHSC_00987	2333	2333	2333
SAOUHSC_01709	16229	16229	16229
SAOUHSC_01728	6404	6404	6404
SAOUHSC_00989	2991	2991	2991
SAOUHSC_00086	5043	5043	5043
SAOUHSC_02460	14669	14669	14669
SAOUHSC_00440	1	1	1
SAOUHSC_01992	8943	8943	8943
SAOUHSC_02888	380	380	380
SAOUHSC_02741	3221	3221	3221
SAOUHSC_02843	4077	4077	4077
SAOUHSC_02783	622	622	622
SAOUHSC_00083	1003	1003	1003
SAOUHSC_00840	4453	4453	4453
SAOUHSC_01313	1171	1171	1171
SAOUHSC_02003	4130	4130	4130
SAOUHSC_02831	1487	1487	1487
SAOUHSC_00864	10109	10109	10109
SAOUHSC_00428	6121	6121	6121
SAOUHSC_02992	528	528	528
SAOUHSC_02403	48029	48029	48029
SAOUHSC_00888	7611	7611	7611
SAOUHSC_01708	9776	9776	9776
SAOUHSC_02686	2912	2912	2912
SAOUHSC_01340	4108	4108	4108
SAOUHSC_00698	9474	9474	9474
SAOUHSC_01975	20183	20183	20183
SAOUHSC_02924	355	355	355
SAOUHSC_00370	6363	6363	6363
SAOUHSC_01462	28664	28664	28664
SAOUHSC_00535	88483	88483	88483
SAOUHSC_02757	3025	3025	3025
SAOUHSC_02780	1152	1152	1152
SAOUHSC_01367	446	446	446
SAOUHSC_01941	62	62	62
SAOUHSC_00026	805	339	805
SAOUHSC_00683	1027	1027	1027
SAOUHSC_00687	3846	3846	3846
SAOUHSC_A01081	49	49	49
SAOUHSC_02520	5816	5816	5816
SAOUHSC_01400	1848	1848	1848
SAOUHSC_02374	3230	3230	3230
SAOUHSC_02625	5906	5906	5906
SAOUHSC_02547	7849	7849	7849
SAOUHSC_00304	4426	4426	4426
SAOUHSC_00378	383	383	383
SAOUHSC_00366	30641	30641	30641
SAOUHSC_02846	8948	8948	8948
SAOUHSC_00180	5861	5861	5861
SAOUHSC_02584	3999	3999	3999
SAOUHSC_00367	3910	3910	3910
SAOUHSC_02308	12110	12110	12110
SAOUHSC_02766	908	908	908
SAOUHSC_02828	2024	2024	2024
SAOUHSC_02829	21019	21019	21019
SAOUHSC_02803	2705	2672	2705
SAOUHSC_02626	6517	6517	6517
SAOUHSC_00702	5439	5439	5439
SAOUHSC_01452	79	79	79
SAOUHSC_02640	267	267	267
SAOUHSC_02862	60216	60216	60216
SAOUHSC_00371	43331	43331	43331
SAOUHSC_01018	7162	7162	7162
SAOUHSC_01762	4397	4397	4397
SAOUHSC_02417	53768	53768	53768
SAOUHSC_01407	9288	9288	9288
SAOUHSC_02600	9638	9638	9638
SAOUHSC_01152	4575	4575	4575
SAOUHSC_02621	948	948	948
SAOUHSC_00592	590	590	590
SAOUHSC_00010	354	354	354
SAOUHSC_01656	2328	2328	2328
SAOUHSC_00760	5559	5559	5559
SAOUHSC_00765	386	386	386
SAOUHSC_02669	4220	4220	4220
SAOUHSC_01991	499	499	499
SAOUHSC_02776	539	539	539
SAOUHSC_00179	6672	6672	6672
SAOUHSC_01479	1507	1507	1507
nusB	8274	8274	8274
ksgA	6226	6226	6226
SAOUHSC_00501	33902	33902	33902
SAOUHSC_01990	669	669	669
SAOUHSC_01947	1092	1092	1092
SAOUHSC_02891	1162	1162	1162
SAOUHSC_02961	6134	6134	6134
SAOUHSC_00821	3497	3497	3497
SAOUHSC_02424	2555	2555	2555
SAOUHSC_02713	466	466	466
SAOUHSC_02663	1735	1735	1735
SAOUHSC_00441	1900	1900	1900
SAOUHSC_02779	7010	7010	7010
SAOUHSC_02284	157	157	157
SAOUHSC_02698	12188	12185	12188
SAOUHSC_00358	91446	91446	91446
SAOUHSC_01096	3462	3462	3462
SAOUHSC_00868	294	294	294
SAOUHSC_00161	396	396	396
SAOUHSC_02615	1805	1805	1805
SAOUHSC_02687	3013	3013	3013
SAOUHSC_00582	547	547	547
SAOUHSC_00979	7888	7888	7888
nrdF	31774	31774	31774
SAOUHSC_02816	3891	3891	3891
SAOUHSC_02879	7131	7131	7131
SAOUHSC_00092	655	655	655
SAOUHSC_02597	14663	14663	14663
SAOUHSC_00928	95	95	95
SAOUHSC_00567	4760	4760	4760
SAOUHSC_01609	17869	17868	17869
SAOUHSC_01597	16448	16448	16448
SAOUHSC_01818	318275	318275	318275
SAOUHSC_00027	2833	1168	2833
SAOUHSC_00602	364	364	364
SAOUHSC_02632	4084	4084	4084
spxA	98073	98073	98073
SAOUHSC_00381a	41	41	41
SAOUHSC_00402	1110	1110	1110
SAOUHSC_02774	7926	7926	7926
SAOUHSC_00192	1005	1005	1005
SAOUHSC_02628	4017	4017	4017
SAOUHSC_00386	107	106	107
SAOUHSC_01998	15252	15252	15252
SAOUHSC_01712	5876	5876	5876
SAOUHSC_01823	1007	1007	1007
SAOUHSC_02522	1481	1481	1481
SAOUHSC_01606	19720	19720	19720
SAOUHSC_01928	289	289	289
SAOUHSC_01711	8057	8057	8057
SAOUHSC_02845	6475	6475	6475
SAOUHSC_00124	688	688	688
SAOUHSC_01380	1122	1122	1122
SAOUHSC_00247	2566	2566	2566
SAOUHSC_02662	181	181	181
SAOUHSC_01314	2043	2043	2043
SAOUHSC_00732	18816	18816	18816
SAOUHSC_02125	6344	6344	6344
SAOUHSC_02962	5947	5947	5947
SAOUHSC_01837	9173	9173	9173
SAOUHSC_02815	151289	151289	151289
SAOUHSC_00898	1376	1376	1376
SAOUHSC_00684	350	350	350
SAOUHSC_02445	8842	8842	8842
SAOUHSC_02647	76458	76458	76458
SAOUHSC_00213	355	355	355
SAOUHSC_01332	6327	6327	6327
SAOUHSC_01864	7281	7281	7281
SAOUHSC_02373	3379	3379	3379
SAOUHSC_01845	674788	674788	674788
SAOUHSC_00429	3006	3006	3006
SAOUHSC_02249	709	709	709
SAOUHSC_00642	10622	10622	10622
SAOUHSC_00614	3812	3812	3812
SAOUHSC_00784	9044	9044	9044
SAOUHSC_02301	48147	48147	48147
SAOUHSC_02554	22925	22925	22925
SAOUHSC_01840	2254	2253	2254
trpD	506	506	506
SAOUHSC_01758	2926	2926	2926
SAOUHSC_02791	1725	1725	1725
SAOUHSC_02656	2148	2148	2148
SAOUHSC_02690	8484	8484	8484
SAOUHSC_00755	3546	3546	3546
SAOUHSC_00285	13527	13527	13527
SAOUHSC_01219	488	488	488
SAOUHSC_R0006	26417	503	26417
lspA	801	801	801
SAOUHSC_02929	52784	52784	52784
SAOUHSC_00284	7216	7216	7216
SAOUHSC_00726	2481	2481	2481
SAOUHSC_00703	8705	8705	8705
SAOUHSC_02751	10083	10083	10083
SAOUHSC_00960	11696	11696	11696
SAOUHSC_00150	272	272	272
SAOUHSC_02742	5864	5864	5864
SAOUHSC_02149	3962	3962	3962
SAOUHSC_00107	2129	2129	2129
SAOUHSC_00615	6698	6698	6698
SAOUHSC_02594	6095	6095	6095
SAOUHSC_02636	2310	2310	2310
SAOUHSC_02655	0	0	0
SAOUHSC_01591	7840	7840	7840
SAOUHSC_00816	2039	2039	2039
SAOUHSC_02627	19231	19231	19231
SAOUHSC_02958	326	326	326
SAOUHSC_01405	3467	3467	3467
SAOUHSC_02818	833	833	833
SAOUHSC_01783	442	441	442
SAOUHSC_02146	5445	5445	5445
SAOUHSC_A02189	2487	2487	2487
SAOUHSC_00405	8309	8309	8309
aroB	4041	4041	4041
SAOUHSC_00093	5350	5350	5350
SAOUHSC_01228	24436	24436	24436
SAOUHSC_01224	8621	8621	8621
SAOUHSC_02830	12089	12089	12089
SAOUHSC_02740	5016	5016	5016
SAOUHSC_02653	2157	2157	2157
SAOUHSC_00672	3419	3419	3419
SAOUHSC_00094	2420	2420	2420
SAOUHSC_00056	12595	12595	12595
SAOUHSC_00482	5692	5692	5692
SAOUHSC_00345	1817	1817	1817
SAOUHSC_00404	1539	1539	1539
SAOUHSC_03030	16735	16735	16735
SAOUHSC_02307	5809	5809	5809
SAOUHSC_02590	31336	31336	31336
SAOUHSC_00332	2380	2380	2380
SAOUHSC_00185	2839	2839	2839
SAOUHSC_01386	456	456	456
SAOUHSC_01044	2616	2616	2616
SAOUHSC_02864	1967	1967	1967
SAOUHSC_02677	4564	4564	4564
SAOUHSC_00047	476	476	476
SAOUHSC_01698	2755	2755	2755
SAOUHSC_02728	703	703	703
SAOUHSC_00665	4826	4826	4826
SAOUHSC_01773	5042	5042	5042
SAOUHSC_00278	954	915	954
SAOUHSC_01103	37207	37207	37207
SAOUHSC_00754	2793	2793	2793
SAOUHSC_00186	1961	1961	1961
SAOUHSC_00382	3096	3096	3096
SAOUHSC_02420	2024	2024	2024
SAOUHSC_00316	367	367	367
SAOUHSC_00767	168330	168330	168330
SAOUHSC_00889	60423	60423	60423
SAOUHSC_00883	8274	8274	8274
SAOUHSC_02714	563	563	563
SAOUHSC_00773	604	604	604
SAOUHSC_02447	41152	41152	41152
SAOUHSC_02009	11557	11557	11557
SAOUHSC_02418	3845	3845	3845
SAOUHSC_01926	704	704	704
SAOUHSC_02351	36567	36567	36567
panB	12171	12171	12171
SAOUHSC_02936	1171	1171	1171
SAOUHSC_01081	6958	6958	6958
SAOUHSC_01719	22540	22540	22540
rnc	4972	4972	4972
SAOUHSC_02827	3491	3491	3491
SAOUHSC_00562	24069	24069	24069
SAOUHSC_02995	2248	2248	2248
SAOUHSC_02610	31456	31456	31456
SAOUHSC_00606	18754	18754	18754
SAOUHSC_01260	9264	9264	9264
SAOUHSC_02010	4064	4064	4064
SAOUHSC_01419	7727	7727	7727
SAOUHSC_00096	4568	4568	4568
SAOUHSC_00287	11307	11307	11307
SAOUHSC_02303	35201	35200	35201
SAOUHSC_02404	3807	3807	3807
SAOUHSC_02550	11061	11061	11061
SAOUHSC_01318	6831	6831	6831
SAOUHSC_02972	19597	19597	19597
SAOUHSC_01638	86	86	86
SAOUHSC_00939	13176	13176	13176
SAOUHSC_02750	2964	2964	2964
SAOUHSC_02402	25552	25552	25552
SAOUHSC_01459	1713	1713	1713
SAOUHSC_01747	18739	18739	18739
SAOUHSC_02649	12203	12203	12203
SAOUHSC_00863	1837	1837	1837
SAOUHSC_00616	11280	11280	11280
SAOUHSC_02444	29802	29802	29802
SAOUHSC_02545	9742	9742	9742
SAOUHSC_00881	4044	4044	4044
SAOUHSC_01066	20335	20335	20335
SAOUHSC_01721	21409	21409	21409
SAOUHSC_01439	3055	3055	3055
SAOUHSC_02383	20423	20423	20423
SAOUHSC_00547	6010	6010	6010
SAOUHSC_01138	34061	34061	34061
SAOUHSC_02148	3581	3581	3581
SAOUHSC_01593	4122	4122	4122
SAOUHSC_00452	17934	17934	17934
SAOUHSC_00596	318	318	318
SAOUHSC_02689	1053	1053	1053
SAOUHSC_02916	5361	5361	5361
SAOUHSC_00733	711	711	711
SAOUHSC_01590	1317	1317	1317
hisZ	39	39	39
SAOUHSC_01929	45	45	45
SAOUHSC_01615	23885	23885	23885
SAOUHSC_00995	1504	1504	1504
SAOUHSC_00477	20541	20541	20541
SAOUHSC_02974	2143	2143	2143
SAOUHSC_00420	415	415	415
SAOUHSC_02718	793	793	793
SAOUHSC_00532	162682	162682	162682
SAOUHSC_00603	17753	17753	17753
SAOUHSC_00168	191	191	191
SAOUHSC_00248	14611	14611	14611
SAOUHSC_00067	43443	43443	43443
mraY	18297	18297	18297
SAOUHSC_02676	7447	7447	7447
SAOUHSC_01495	289	289	289
SAOUHSC_00330	1477	1477	1477
argC	494	494	494
SAOUHSC_00759	4732	4732	4732
SAOUHSC_02715	134	134	134
SAOUHSC_02665	11696	11696	11696
SAOUHSC_01985	5255	5255	5255
SAOUHSC_01987	50960	50960	50960
SAOUHSC_02909	16181	16181	16181
SAOUHSC_02812	3123	3123	3123
SAOUHSC_00465	19632	19632	19632
SAOUHSC_03035	1281	1281	1281
SAOUHSC_00818	316	316	316
SAOUHSC_00463	3928	3928	3928
SAOUHSC_02563	3729	3729	3729
SAOUHSC_02281	209	209	209
SAOUHSC_02781	1137	1137	1137
SAOUHSC_00051	234	234	234
SAOUHSC_00664	7137	7137	7137
SAOUHSC_00480	15183	15183	15183
SAOUHSC_01468	1288	1288	1288
SAOUHSC_02090	6886	6886	6886
trmB	10594	10594	10594
SAOUHSC_00971	658	658	658
SAOUHSC_01951	306	306	306
SAOUHSC_01641	58	58	58
ureA	1689	1689	1689
SAOUHSC_00832	2966	2966	2966
SAOUHSC_01666	121479	121479	121479
SAOUHSC_01977	117487	117487	117487
SAOUHSC_02541	3755	3755	3755
SAOUHSC_00169	185	185	185
SAOUHSC_01364	7755	7755	7755
SAOUHSC_02473	973	973	973
SAOUHSC_01360	9149	9149	9149
SAOUHSC_01115	759	759	759
SAOUHSC_02930	2160	2160	2160
SAOUHSC_02853	119956	119956	119956
SAOUHSC_01026	7307	7307	7307
SAOUHSC_00668	6479	6479	6479
hisB	100	100	100
SAOUHSC_00298	4332	4332	4332
SAOUHSC_00531	8101	8101	8101
SAOUHSC_02644	4509	4509	4509
SAOUHSC_03019	872	872	872
SAOUHSC_00699	13061	13061	13061
SAOUHSC_00391	208	208	208
SAOUHSC_01665	5170	5170	5170
SAOUHSC_01824	2535	2535	2535
SAOUHSC_00374	38078	38078	38078
SAOUHSC_00037	6727	6727	6727
SAOUHSC_01312	224	224	224
SAOUHSC_00200	1833	1833	1833
SAOUHSC_00064	561	561	561
SAOUHSC_00430	4741	4741	4741
SAOUHSC_00334	5855	5855	5855
SAOUHSC_00315	394	394	394
SAOUHSC_02002	181	181	181
SAOUHSC_02463	1284	1284	1284
SAOUHSC_00833	12657	12657	12657
SAOUHSC_00764	8360	8360	8360
SAOUHSC_02110	2948	2948	2948
SAOUHSC_02474	4685	4684	4685
SAOUHSC_01470	5545	5545	5545
rnpA	623	623	623
SAOUHSC_02133	12952	12952	12952
SAOUHSC_01061	14225	14225	14225
murG	13982	13982	13982
SAOUHSC_02322	1520	1520	1520
SAOUHSC_00836	237599	237599	237599
SAOUHSC_00933	29567	29567	29567
SAOUHSC_00613	7403	7403	7403
SAOUHSC_02092	48802	48802	48802
SAOUHSC_02623	17556	17556	17556
SAOUHSC_01974	63130	63130	63130
SAOUHSC_00663	17087	17087	17087
SAOUHSC_00055	544	519	544
SAOUHSC_00831	12772	12772	12772
SAOUHSC_02659	8000	8000	8000
SAOUHSC_02652	12836	12836	12836
rpsT	17955	17955	17955
SAOUHSC_02131	6618	6614	6618
SAOUHSC_02613	5435	5435	5435
SAOUHSC_02161	1092	1092	1092
SAOUHSC_00950	2056	2056	2056
cmk	11484	11484	11484
SAOUHSC_02935	5681	5681	5681
SAOUHSC_01819	53318	53318	53318
SAOUHSC_00406	18715	18715	18715
SAOUHSC_01832	1407	1407	1407
SAOUHSC_01282	18739	18739	18739
SAOUHSC_01643	557	557	557
SAOUHSC_01206	1896	1896	1896
SAOUHSC_00891	54771	54771	54771
SAOUHSC_02401	64170	64170	64170
SAOUHSC_02685	86	86	86
SAOUHSC_02833	352	352	352
SAOUHSC_00296	3432	3432	3432
SAOUHSC_02897	766	766	766
SAOUHSC_01174	10048	10048	10048
SAOUHSC_01649	10522	10522	10522
SAOUHSC_01981	5525	5525	5525
SAOUHSC_01964	35561	35561	35561
SAOUHSC_00787	11486	11486	11486
SAOUHSC_01048	795	795	795
SAOUHSC_02793	25212	25212	25212
SAOUHSC_00156	20860	20860	20860
SAOUHSC_01661	1731	1731	1731
SAOUHSC_01019	1214	1214	1214
SAOUHSC_00407	6480	6480	6480
SAOUHSC_00648	29875	29875	29875
SAOUHSC_02747	5151	5151	5151
SAOUHSC_00305	1656	1656	1656
SAOUHSC_01831	6571	6571	6571
SAOUHSC_02867	3101	3101	3101
SAOUHSC_02531	587	587	587
SAOUHSC_02797	577	577	577
miaA	4677	4677	4677
SAOUHSC_00499	384061	384061	384061
SAOUHSC_01040	412435	412435	412435
SAOUHSC_02443	114532	114532	114532
SAOUHSC_00820	4484	4484	4484
SAOUHSC_01914	6363	6363	6363
SAOUHSC_02711	96	96	96
SAOUHSC_01358	27710	27710	27710
SAOUHSC_02135	4681	4681	4681
SAOUHSC_02994	5940	5940	5940
SAOUHSC_00584	11806	11806	11806
SAOUHSC_02096	25846	25846	25846
SAOUHSC_01326	8824	8824	8824
panC	12397	12397	12397
SAOUHSC_00629	337	337	337
SAOUHSC_00932	418	418	418
SAOUHSC_00426	384	384	384
SAOUHSC_02963	16872	16614	16872
rbfA	9117	9117	9117
SAOUHSC_01086	542	533	542
SAOUHSC_01379	930	930	930
SAOUHSC_01108	6604	6604	6604
engB	2419	2419	2419
SAOUHSC_00103	147	147	147
SAOUHSC_00644	11681	11681	11681
SAOUHSC_02996	705	705	705
SAOUHSC_02150	64427	64427	64427
SAOUHSC_00424	101	101	101
SAOUHSC_02902	655	655	655
SAOUHSC_01225	10137	10137	10137
SAOUHSC_00875	69166	69166	69166
SAOUHSC_02987	1806	1806	1806
SAOUHSC_01978	2410	2410	2410
SAOUHSC_02103	2992	2992	2992
SAOUHSC_02871	8779	8779	8779
SAOUHSC_00919	15249	15249	15249
SAOUHSC_02091	28081	28081	28081
SAOUHSC_02970	100	100	100
SAOUHSC_01455	38806	38806	38806
SAOUHSC_00138	124	124	124
SAOUHSC_01911	481	383	481
SAOUHSC_02825	421	421	421
SAOUHSC_00237	1019	1019	1019
SAOUHSC_01371	361	361	361
SAOUHSC_02993	579	579	579
SAOUHSC_00475	4190	4190	4190
SAOUHSC_00638	6870	6870	6870
SAOUHSC_02980	12523	12523	12523
SAOUHSC_02661	1054	1054	1054
SAOUHSC_03012	165	165	165
SAOUHSC_00944	7981	7981	7981
SAOUHSC_02908	5632	5632	5632
SAOUHSC_03020	101	101	101
SAOUHSC_02915	3437	3437	3437
rpsQ	15557	15557	15557
SAOUHSC_00242	3262	3262	3262
SAOUHSC_03013	160	160	160
SAOUHSC_02370	13991	13991	13991
SAOUHSC_00565	8706	8706	8706
SAOUHSC_R00011	5	5	5
SAOUHSC_02675	4110	4110	4110
SAOUHSC_02551	2989	2989	2989
SAOUHSC_00904	28535	28535	28535
SAOUHSC_01966	11837	11837	11837
SAOUHSC_02834	7617	7617	7617
SAOUHSC_00617	20638	20638	20638
SAOUHSC_00342	3874	3874	3874
SAOUHSC_00564	8666	8666	8666
SAOUHSC_01384	553	553	553
SAOUHSC_00963	22087	22087	22087
SAOUHSC_02595	1096	1096	1096
SAOUHSC_00766	194	194	194
SAOUHSC_01283	5426	5426	5426
SAOUHSC_02143	21718	21718	21718
SAOUHSC_00893	17747	17747	17747
SAOUHSC_00708	30356	30356	30356
SAOUHSC_02921	3921	3921	3921
SAOUHSC_02697	18452	18452	18452
SAOUHSC_01882	21488	21488	21488
SAOUHSC_02375	23642	23642	23642
SAOUHSC_01433	32084	32084	32084
SAOUHSC_00716	3656	3656	3656
SAOUHSC_02428	5150	5150	5150
SAOUHSC_02997	564	564	564
SAOUHSC_00327	392	392	392
SAOUHSC_01594	36493	36493	36493
SAOUHSC_02901	479	479	479
SAOUHSC_00959	13034	13034	13034
SAOUHSC_02386	3325	3325	3325
SAOUHSC_02391	9689	9689	9689
SAOUHSC_00137	207	207	207
SAOUHSC_02881	16345	16345	16345
SAOUHSC_01782	15387	15387	15387
SAOUHSC_02158	44623	44623	44623
SAOUHSC_02596	486	486	486
SAOUHSC_01483	7339	7339	7339
SAOUHSC_00714	26407	26407	26407
SAOUHSC_00739	2105	2105	2105
SAOUHSC_01065	7828	7828	7828
SAOUHSC_00456	2931	2931	2931
SAOUHSC_00333	4516	4516	4516
SAOUHSC_02371	9031	9031	9031
SAOUHSC_00873	35633	35633	35633
SAOUHSC_01002	311059	311059	311059
SAOUHSC_01821	19726	19726	19726
moaC	9535	9535	9535
SAOUHSC_00500	226279	226279	226279
SAOUHSC_01039	17000	17000	17000
SAOUHSC_01677	39821	39821	39821
SAOUHSC_00776	8336	8336	8336
SAOUHSC_02427	2771	2771	2771
SAOUHSC_02300	22567	22567	22567
SAOUHSC_02111	3088	3088	3088
SAOUHSC_01746	61606	61606	61606
SAOUHSC_02693	261	261	261
SAOUHSC_00295	9377	9377	9377
SAOUHSC_00886	42237	42237	42237
SAOUHSC_01734	22580	22580	22580
SAOUHSC_00216	491	491	491
SAOUHSC_02969	187	187	187
SAOUHSC_00318	2667	2667	2667
SAOUHSC_01069	9181	9181	9181
SAOUHSC_00666	6939	6939	6939
rpsA	226511	226511	226511
SAOUHSC_01054	24960	24960	24960
SAOUHSC_01589	6341	6341	6341
SAOUHSC_01365	25868	25868	25868
SAOUHSC_02434	5918	5918	5918
gcvT	123317	123317	123317
sucC	509305	509305	509305
SAOUHSC_02101	707	707	707
SAOUHSC_01127	111	111	111
SAOUHSC_02565	4481	4481	4481
SAOUHSC_00533	41087	41087	41087
SAOUHSC_02577	67482	67482	67482
rpsN_1	927	927	927
SAOUHSC_01463	48728	48728	48728
SAOUHSC_00696	11427	11427	11427
SAOUHSC_00731	15991	15991	15991
mobA	6489	6489	6489
SAOUHSC_02692	2198	2198	2198
SAOUHSC_02643	1771	1771	1771
SAOUHSC_A00354	21	21	21
SAOUHSC_03017	249	249	249
SAOUHSC_02859	25381	25381	25381
SAOUHSC_01797	60670	60670	60670
SAOUHSC_00481	4220	4220	4220
SAOUHSC_00113	1497	1497	1497
SAOUHSC_00338	1516	1516	1516
leuD	233	233	233
SAOUHSC_00771	9216	9216	9216
SAOUHSC_00643	9704	9704	9704
SAOUHSC_01375	3688	3688	3688
infA	13997	13997	13997
SAOUHSC_02557	305	305	305
SAOUHSC_A00992	1061	1053	1061
SAOUHSC_02269	9470	9470	9470
SAOUHSC_01694	9350	9350	9350
SAOUHSC_00622	117	117	117
SAOUHSC_00587	1313	1313	1313
SAOUHSC_02876	4662	4662	4662
SAOUHSC_02260	4478	4478	4478
SAOUHSC_01629	14379	14379	14379
SAOUHSC_02788	1705	1705	1705
SAOUHSC_01480	9034	9034	9034
SAOUHSC_01836	27373	27373	27373
SAOUHSC_02985	8668	8668	8668
SAOUHSC_01825	1823	1823	1823
guaA	50133	50133	50133
SAOUHSC_02134	5780	5780	5780
SAOUHSC_00331	568	568	568
SAOUHSC_01660	8279	8279	8279
SAOUHSC_00489	5442	5442	5442
SAOUHSC_00812	84983	84960	84983
SAOUHSC_00538	11195	11195	11195
SAOUHSC_02006	13426	13426	13426
SAOUHSC_01633	204516	204516	204516
SAOUHSC_01608	1493	1488	1493
SAOUHSC_02433	2703	2703	2703
SAOUHSC_01630	28433	28433	28433
SAOUHSC_00690	50651	50651	50651
SAOUHSC_00013	682	682	682
SAOUHSC_01041	320360	320360	320360
SAOUHSC_00002	31496	31496	31496
SAOUHSC_00190	1645	1645	1645
SAOUHSC_02544	5327	5327	5327
SAOUHSC_00952	12668	12668	12668
SAOUHSC_01980	3478	3478	3478
SAOUHSC_00423	150	150	150
SAOUHSC_00142	368	368	368
SAOUHSC_00906	101436	101436	101436
SAOUHSC_00964	2017	2017	2017
SAOUHSC_02000	20031	20031	20031
SAOUHSC_01348	6478	6478	6478
SAOUHSC_00450	3268	3268	3268
SAOUHSC_01904	187	187	187
SAOUHSC_00884	4711	4711	4711
tmk	3072	3072	3072
SAOUHSC_00337	3143	3143	3143
SAOUHSC_02736	5243	5243	5243
SAOUHSC_00214	70	70	70
SAOUHSC_02382	2350	2350	2350
SAOUHSC_00552	10690	10690	10690
SAOUHSC_00763	6098	6098	6098
ureE	3488	3488	3488
SAOUHSC_01870	10748	10748	10748
SAOUHSC_01001	519608	519608	519608
SAOUHSC_02765	462	462	462
SAOUHSC_02877	14925	14925	14925
SAOUHSC_01267	13275	13275	13275
rpsH	20701	20701	20701
SAOUHSC_00686	18104	18104	18104
SAOUHSC_01653	360081	360081	360081
SAOUHSC_01160	4310	4310	4310
SAOUHSC_00572	3837	3837	3837
SAOUHSC_00219	1087	1087	1087
SAOUHSC_01982	14528	14528	14528
gltD	1194	1194	1194
SAOUHSC_00029	5	5	5
SAOUHSC_01122	5	5	5
SAOUHSC_01833	2095	2095	2095
SAOUHSC_01490	558029	558029	558029
SAOUHSC_02941	420	420	420
coaD	6883	6883	6883
SAOUHSC_01125	96	96	96
SAOUHSC_00344	3541	3541	3541
SAOUHSC_01007	103509	103509	103509
SAOUHSC_02426	1611	1611	1611
SAOUHSC_01752	5786	5786	5786
SAOUHSC_01043	496558	496558	496558
SAOUHSC_00679	16808	16808	16808
SAOUHSC_00720	1353	1353	1353
SAOUHSC_01027	16244	16244	16244
SAOUHSC_00670	42829	42829	42829
SAOUHSC_01792	22546	22546	22546
SAOUHSC_00170	404	404	404
SAOUHSC_00817	256	256	256
acpS	6917	6917	6917
SAOUHSC_02376	33792	33792	33792
SAOUHSC_00758	3768	3768	3768
SAOUHSC_00167	663	663	663
SAOUHSC_00779	12493	12493	12493
hslU	36365	36365	36365
SAOUHSC_01042	469116	469116	469116
SAOUHSC_00756	15393	15393	15393
SAOUHSC_00281	342	342	342
SAOUHSC_00571	2183	2183	2183
SAOUHSC_02372	13150	13150	13150
SAOUHSC_02822	90090	90090	90090
SAOUHSC_01144	46801	46795	46801
murD	39279	39279	39279
SAOUHSC_00369	41120	41120	41120
nadE	13012	13012	13012
SAOUHSC_00317	13279	13279	13279
SAOUHSC_01924	44	44	44
SAOUHSC_01156	11219	11219	11219
SAOUHSC_02967	496	496	496
SAOUHSC_00652	14374	14374	14374
SAOUHSC_01053	1938	1938	1938
SAOUHSC_02716	38	38	38
SAOUHSC_02880	14334	14334	14334
SAOUHSC_02126	34424	34424	34424
SAOUHSC_01602	5161	5161	5161
SAOUHSC_02305	22556	22556	22556
SAOUHSC_02287	465	465	465
secY_1	93662	93662	93662
SAOUHSC_02406	15022	15022	15022
SAOUHSC_00542	14107	14107	14107
SAOUHSC_00444	40677	40677	40677
SAOUHSC_00604	43143	43143	43143
SAOUHSC_02137	30799	30799	30799
SAOUHSC_02321	1259	1259	1259
SAOUHSC_02823	3093	3093	3093
SAOUHSC_02407	22458	22458	22458
SAOUHSC_01787	10221	10221	10221
SAOUHSC_01255	8212	8212	8212
SAOUHSC_01000	171375	171375	171375
SAOUHSC_01871	15029	15029	15029
SAOUHSC_01903	373	373	373
rocD	326412	326412	326412
SAOUHSC_02516	12723	12723	12723
SAOUHSC_00911	599	599	599
SAOUHSC_00645	5623	5623	5623
SAOUHSC_01064	24563	24563	24563
SAOUHSC_01732	16004	16004	16004
SAOUHSC_00895	527159	527159	527159
SAOUHSC_02913	1852	1852	1852
SAOUHSC_01076	4445	4445	4445
SAOUHSC_02334	1150	1150	1150
SAOUHSC_01693	823	823	823
SAOUHSC_01139	1832	1832	1832
SAOUHSC_00184	2200	2200	2200
SAOUHSC_00942	26546	26546	26546
SAOUHSC_01989	10412	10412	10412
SAOUHSC_01034	4457	4457	4457
SAOUHSC_01720	32558	32558	32558
SAOUHSC_00217	621	621	621
SAOUHSC_00892	9978	9978	9978
SAOUHSC_02581	15669	15669	15669
SAOUHSC_00431	2356	2356	2356
SAOUHSC_02875	5416	5416	5416
SAOUHSC_02947	9460	9460	9460
recA	63877	63877	63877
SAOUHSC_00306	3735	3735	3735
SAOUHSC_00969	89	89	89
SAOUHSC_00581	2963	2963	2963
SAOUHSC_00951	100610	100610	100610
SAOUHSC_01488	7827	7798	7827
SAOUHSC_01420	8173	8173	8173
SAOUHSC_01874	5007	5007	5007
SAOUHSC_00909	13709	13709	13709
SAOUHSC_02591	3541	3541	3541
SAOUHSC_01827	93365	93365	93365
SAOUHSC_02927	313231	313231	313231
rpmJ	9697	9697	9697
SAOUHSC_02366	253029	253029	253029
SAOUHSC_T00034	734	734	734
SAOUHSC_01718	2094	2094	2094
SAOUHSC_01872	11192	11192	11192
SAOUHSC_00455	6950	6950	6950
glmU	96477	96477	96477
SAOUHSC_02982	37271	37271	37271
SAOUHSC_01382	210	210	210
SAOUHSC_01820	67035	67035	67035
SAOUHSC_02299	36090	36061	36090
SAOUHSC_01218	531499	531499	531499
SAOUHSC_02442	44568	44568	44568
SAOUHSC_01350	8760	8760	8760
SAOUHSC_01158	34585	34585	34585
SAOUHSC_00999	86128	86128	86128
SAOUHSC_02760	11613	11613	11613
SAOUHSC_00033	795	795	795
SAOUHSC_00573	54458	54458	54458
SAOUHSC_02983	8582	8582	8582
dnaA	29249	29249	29249
SAOUHSC_01204	33760	33760	33760
SAOUHSC_02112	3321	3321	3321
uhpT	3820	3820	3820
SAOUHSC_00502	10660	10660	10660
SAOUHSC_02844	42773	42773	42773
SAOUHSC_01949	2134	2134	2134
SAOUHSC_01625	60685	60685	60685
SAOUHSC_01807	58529	58529	58529
SAOUHSC_00009	50530	50530	50530
SAOUHSC_02527	24690	24690	24690
SAOUHSC_01441	3541	3500	3541
SAOUHSC_02922	37512	37512	37512
rplE	32728	32728	32728
SAOUHSC_01501	114873	114873	114873
SAOUHSC_00554	84806	84806	84806
SAOUHSC_01189	10831	10831	10831
SAOUHSC_00553	75724	75724	75724
SAOUHSC_01988	3102	3102	3102
SAOUHSC_00781	23683	23683	23683
SAOUHSC_01596	4368	4368	4368
SAOUHSC_01254	9729	9729	9729
SAOUHSC_01188	10631	10631	10631
rimM	2176	2176	2176
SAOUHSC_00457	1139	1139	1139
SAOUHSC_02712	448	448	448
SAOUHSC_00472	81994	81994	81994
SAOUHSC_02785	768	768	768
SAOUHSC_02535	734	725	734
SAOUHSC_01251	69854	69854	69854
SAOUHSC_00653	3643	3643	3643
SAOUHSC_01907	24748	24748	24748
SAOUHSC_01860	9524	9524	9524
SAOUHSC_02789	1290	1290	1290
SAOUHSC_02538	2141	2141	2141
SAOUHSC_01869	23788	23788	23788
SAOUHSC_01190	9579	9579	9579
SAOUHSC_02262	4405	4405	4405
SAOUHSC_01605	108014	108014	108014
SAOUHSC_00543	8454	8454	8454
SAOUHSC_01165	14711	14711	14711
SAOUHSC_01338	16778	16778	16778
SAOUHSC_01114	1538	1538	1538
SAOUHSC_00887	11670	11670	11670
SAOUHSC_01333	10680	10680	10680
SAOUHSC_02457	5871	5871	5871
SAOUHSC_00365	111627	111627	111627
SAOUHSC_00715	28648	28647	28648
SAOUHSC_01595	1312	1312	1312
SAOUHSC_01362	14939	14939	14939
SAOUHSC_02456	5860	5860	5860
SAOUHSC_02468	2015	2015	2015
SAOUHSC_02984	9274	9274	9274
SAOUHSC_00713	17880	17880	17880
SAOUHSC_02289	526	526	526
SAOUHSC_01741	9608	9608	9608
SAOUHSC_00488	69276	69276	69276
SAOUHSC_00877	9780	9780	9780
SAOUHSC_00935	24966	24966	24966
SAOUHSC_01427	17621	17621	17621
SAOUHSC_02896	418	418	418
SAOUHSC_00910	29449	29449	29449
SAOUHSC_01850	68718	68718	68718
SAOUHSC_01775	4667	4667	4667
SAOUHSC_00147	568	568	568
SAOUHSC_01955	95	95	95
SAOUHSC_00102	301	301	301
SAOUHSC_00661	1692	1692	1692
SAOUHSC_02727	8814	8814	8814
SAOUHSC_01817	2144	2144	2144
SAOUHSC_01259	9404	9404	9404
SAOUHSC_00757	34179	34179	34179
SAOUHSC_00724	1560	1560	1560
SAOUHSC_02704	1638	1638	1638
SAOUHSC_01828	6015	6015	6015
SAOUHSC_02964	1062	1062	1062
SAOUHSC_01890	4647	4647	4647
SAOUHSC_02723	11770	11770	11770
SAOUHSC_02579	14627	14627	14627
SAOUHSC_02142	21278	21278	21278
rplN	31286	31286	31286
SAOUHSC_02400	55198	55198	55198
SAOUHSC_02410	1483	0	1483
SAOUHSC_01233	1239	1239	1239
SAOUHSC_00640	9599	9599	9599
fumC	129339	129339	129339
SAOUHSC_00641	20164	20164	20164
SAOUHSC_T00040	936	936	936
SAOUHSC_00819	17622	17622	17622
SAOUHSC_T00044	692	1	692
SAOUHSC_02095	31934	31934	31934
SAOUHSC_01341	1982	1982	1982
SAOUHSC_01895	35616	35616	35616
SAOUHSC_02679	102	102	102
SAOUHSC_02387	10739	10739	10739
SAOUHSC_00319	3829	3829	3829
SAOUHSC_01128	1511	1511	1511
rplV	25472	25472	25472
cysS	12724	12724	12724
SAOUHSC_00301	4490	4490	4490
SAOUHSC_02441	382299	382299	382299
SAOUHSC_00461	61849	61849	61849
SAOUHSC_01632	251684	251684	251684
SAOUHSC_01257	6127	6127	6127
SAOUHSC_02998	163	163	163
SAOUHSC_00681	9534	9534	9534
SAOUHSC_00908	33379	33379	33379
SAOUHSC_00730	10334	10334	10334
SAOUHSC_01876	3563	3563	3563
SAOUHSC_01450	234	234	234
SAOUHSC_02152	7943	7943	7943
SAOUHSC_00085	2143	2143	2143
SAOUHSC_02907	1154	1154	1154
SAOUHSC_02943	1094	1094	1094
trmE	5958	5958	5958
SAOUHSC_02296	7647	7647	7647
SAOUHSC_00028	4	4	4
SAOUHSC_T00042	1969	0	1969
SAOUHSC_01423	10804	10804	10804
SAOUHSC_02869	960324	960324	960324
ruvA	9897	9897	9897
rplR	23273	23273	23273
secG	12916	12916	12916
SAOUHSC_00782	11089	11089	11089
SAOUHSC_01025	27644	27644	27644
SAOUHSC_01377	2343	2343	2343
SAOUHSC_01916	11305	11305	11305
SAOUHSC_01939	130	130	130
SAOUHSC_00139	513	513	513
SAOUHSC_02121	19850	19850	19850
SAOUHSC_01868	72839	72839	72839
SAOUHSC_03027	531	531	531
SAOUHSC_00414	17548	17548	17548
SAOUHSC_02136	3030	3030	3030
SAOUHSC_01692	9080	9080	9080
gidB	3793	3793	3793
SAOUHSC_01142	78111	78111	78111
SAOUHSC_01091	7345	7345	7345
SAOUHSC_02920	5613	5613	5613
SAOUHSC_00434	868	868	868
SAOUHSC_02422	8220	8220	8220
SAOUHSC_01192	15992	15992	15992
SAOUHSC_T00041	2005	2005	2005
SAOUHSC_01060	5453	5453	5453
SAOUHSC_00632	3144	3144	3144
SAOUHSC_00483	39113	39113	39113
SAOUHSC_01089	335	335	335
SAOUHSC_01610	21937	21937	21937
SAOUHSC_00536	42205	42204	42205
SAOUHSC_01316	1477	1477	1477
SAOUHSC_01178	15130	15130	15130
SAOUHSC_01346	56236	56236	56236
SAOUHSC_01095	6464	6464	6464
SAOUHSC_00171	2150	2150	2150
SAOUHSC_01803	95092	95092	95092
SAOUHSC_00865	29430	29430	29430
SAOUHSC_00608	1869	1869	1869
SAOUHSC_00980	17575	17575	17575
SAOUHSC_00372	848	848	848
SAOUHSC_01891	644	644	644
SAOUHSC_01434	32103	32103	32103
SAOUHSC_01055	24130	24130	24130
SAOUHSC_00712	13904	13904	13904
SAOUHSC_02611	40575	40575	40575
SAOUHSC_01497	12109	12109	12109
SAOUHSC_01815	59266	59266	59266
SAOUHSC_01599	89365	89365	89365
SAOUHSC_02274	10658	10658	10658
SAOUHSC_02467	985	985	985
SAOUHSC_00031	1100	1099	1100
SAOUHSC_02542	10692	10692	10692
SAOUHSC_01852	10792	10792	10792
SAOUHSC_02525	27980	27980	27980
SAOUHSC_00020	22939	22939	22939
SAOUHSC_03052	12632	12632	12632
SAOUHSC_00866	32685	32685	32685
SAOUHSC_01194	15852	15852	15852
SAOUHSC_02097	52756	52756	52756
SAOUHSC_00734	1470	1470	1470
nrdR	13623	13623	13623
rpsS	28534	28534	28534
SAOUHSC_01274	2068	2068	2068
SAOUHSC_00655	43299	43299	43299
SAOUHSC_02725	7175	7175	7175
SAOUHSC_02674	638	638	638
pgk	115238	115238	115238
SAOUHSC_01253	46924	46924	46924
SAOUHSC_00846	8364	8364	8364
rplX	23498	23498	23498
SAOUHSC_01281	2081	2081	2081
SAOUHSC_01028	81113	81113	81113
rpsC	55123	55123	55123
tgt	49107	49107	49107
SAOUHSC_00307	4445	4445	4445
SAOUHSC_00539	4492	4492	4492
SAOUHSC_02564	4894	4894	4894
SAOUHSC_02999	147	147	147
SAOUHSC_00958	19639	19639	19639
hisH	120	120	120
SAOUHSC_00785	35376	35376	35376
SAOUHSC_02355	50818	50818	50818
SAOUHSC_02369	21705	21705	21705
SAOUHSC_01352	28852	28852	28852
SAOUHSC_02297	29159	29159	29159
SAOUHSC_00721	1187	1187	1187
SAOUHSC_01727	14127	14127	14127
SAOUHSC_00879	29446	29446	29446
SAOUHSC_T00026	4487	4467	4487
SAOUHSC_00736	15296	15296	15296
rho	52607	52607	52607
SAOUHSC_00364	227299	227299	227299
rplP	41081	41081	41081
SAOUHSC_02346	81026	81026	81026
SAOUHSC_00346	18498	18498	18498
rplD	49608	49608	49608
SAOUHSC_T00045	1402	3	1402
SAOUHSC_00373	2642	2642	2642
SAOUHSC_00541	3509	3509	3509
SAOUHSC_00947	51505	51505	51505
SAOUHSC_00694	85475	85475	85475
SAOUHSC_02517	15099	15099	15099
SAOUHSC_01873	2393	2393	2393
SAOUHSC_00189	40	40	40
SAOUHSC_01079	366	366	366
SAOUHSC_00985	113612	113612	113612
SAOUHSC_02139	9624	9624	9624
cbiO_2	4709	4709	4709
SAOUHSC_T00024	1230	0	1230
SAOUHSC_02755	15681	15681	15681
SAOUHSC_02887	458359	458359	458359
SAOUHSC_01258	16704	16704	16704
SAOUHSC_02680	426	426	426
rpsN_2	13321	13321	13321
SAOUHSC_00490	3676	3676	3676
ppnK	42331	42331	42331
SAOUHSC_03009	187	187	187
SAOUHSC_00984	10019	10019	10019
SAOUHSC_01354	20959	20959	20959
SAOUHSC_00057	5223	5223	5223
SAOUHSC_02423	22312	22312	22312
SAOUHSC_00719	3279	3279	3279
SAOUHSC_01476	3218	3218	3218
sucA	700946	700946	700946
SAOUHSC_02582	130486	130486	130486
SAOUHSC_02536	17025	17025	17025
SAOUHSC_02770	198	198	198
SAOUHSC_00953	25241	25241	25241
SAOUHSC_02957	3524	3524	3524
SAOUHSC_T00015	1330	1330	1330
SAOUHSC_00795	241040	241040	241040
deoD	110247	110247	110247
SAOUHSC_02140	68849	68849	68849
SAOUHSC_02004	8733	8733	8733
SAOUHSC_00907	3715	3715	3715
SAOUHSC_00427	65255	65255	65255
SAOUHSC_00861	76202	76202	76202
SAOUHSC_00970	147	147	147
SAOUHSC_00859	7089	7089	7089
SAOUHSC_00996	4633	4633	4633
ureB	2512	2512	2512
SAOUHSC_T00029	133	0	133
SAOUHSC_02114	12489	12489	12489
SAOUHSC_02683	213	213	213
SAOUHSC_00294	12088	12088	12088
SAOUHSC_02363	49869	49869	49869
SAOUHSC_01454	15330	15330	15330
rpsE	37782	37782	37782
SAOUHSC_01499	12250	12250	12250
SAOUHSC_01330	839	839	839
SAOUHSC_00575	79931	79931	79931
SAOUHSC_00600	818	816	818
nsaR	7353	7353	7353
SAOUHSC_00695	2451	2451	2451
SAOUHSC_00659	32778	32778	32778
fabZ	12954	12954	12954
SAOUHSC_00141	6704	6704	6704
frr	46986	46986	46986
rplF	30660	30660	30660
xseA	26774	26774	26774
SAOUHSC_01107	8636	8636	8636
SAOUHSC_01858	9540	9540	9540
SAOUHSC_01473	8632	8632	8632
SAOUHSC_01814	101549	101549	101549
SAOUHSC_00847	60966	60966	60966
SAOUHSC_00792	14163	14163	14163
SAOUHSC_01443	1525	1525	1525
SAOUHSC_01411	1562	1562	1562
SAOUHSC_00890	4404	4404	4404
SAOUHSC_00019	11803	11803	11803
SAOUHSC_01796	20224	20224	20224
SAOUHSC_00534	16014	16014	16014
SAOUHSC_01148	50416	50416	50416
SAOUHSC_01801	131305	131305	131305
SAOUHSC_02130	3753	3743	3753
SAOUHSC_01769	3896	3896	3896
SAOUHSC_01685	18360	18360	18360
SAOUHSC_00435	615	615	615
SAOUHSC_01448	451	451	451
rpsF	29259	29259	29259
SAOUHSC_01724	2846	2846	2846
SAOUHSC_00468	54080	54080	54080
rpmG_2	13985	13985	13985
recR	46100	46100	46100
SAOUHSC_01261	11711	11711	11711
SAOUHSC_00442	25046	25046	25046
pyrH	47366	47366	47366
SAOUHSC_01894	1134	1134	1134
SAOUHSC_01289	6	6	6
SAOUHSC_02796	10	10	10
SAOUHSC_00032	0	0	0
SAOUHSC_00212	0	0	0
SAOUHSC_00609	0	0	0
SAOUHSC_00745	0	0	0
SAOUHSC_01325	0	0	0
SAOUHSC_01494	0	0	0
SAOUHSC_01500	0	0	0
SAOUHSC_01514	0	0	0
SAOUHSC_01515	0	0	0
SAOUHSC_01516	0	0	0
SAOUHSC_01517	0	0	0
SAOUHSC_01518	0	0	0
SAOUHSC_01519	0	0	0
SAOUHSC_01520	0	0	0
SAOUHSC_01521	0	0	0
SAOUHSC_01522	0	0	0
SAOUHSC_01523	0	0	0
SAOUHSC_01524	0	0	0
SAOUHSC_01525	0	0	0
SAOUHSC_01526	0	0	0
SAOUHSC_01527	0	0	0
SAOUHSC_01528	0	0	0
SAOUHSC_01529	0	0	0
SAOUHSC_01530	0	0	0
SAOUHSC_01531	0	0	0
SAOUHSC_01532	0	0	0
SAOUHSC_01533	0	0	0
SAOUHSC_01535	0	0	0
SAOUHSC_01536	0	0	0
SAOUHSC_01537	0	0	0
SAOUHSC_01538	0	0	0
SAOUHSC_01539	0	0	0
SAOUHSC_01540	0	0	0
SAOUHSC_01541	0	0	0
SAOUHSC_01542	0	0	0
SAOUHSC_01543	0	0	0
SAOUHSC_01544	0	0	0
SAOUHSC_01545	0	0	0
SAOUHSC_01546	0	0	0
SAOUHSC_01547	0	0	0
SAOUHSC_01548	0	0	0
SAOUHSC_01549	0	0	0
SAOUHSC_01550	0	0	0
SAOUHSC_01551	0	0	0
SAOUHSC_01552	0	0	0
SAOUHSC_01553	0	0	0
SAOUHSC_01555	0	0	0
SAOUHSC_01556	0	0	0
SAOUHSC_01557	0	0	0
SAOUHSC_01558	0	0	0
SAOUHSC_01559	0	0	0
SAOUHSC_01560	0	0	0
SAOUHSC_01561	0	0	0
SAOUHSC_01562	0	0	0
SAOUHSC_01563	0	0	0
SAOUHSC_01565	0	0	0
SAOUHSC_01566	0	0	0
SAOUHSC_01567	0	0	0
SAOUHSC_01568	0	0	0
SAOUHSC_01569	0	0	0
SAOUHSC_01570	0	0	0
SAOUHSC_01571	0	0	0
SAOUHSC_01572	0	0	0
SAOUHSC_01573	0	0	0
SAOUHSC_01574	0	0	0
SAOUHSC_01575	0	0	0
SAOUHSC_01576	0	0	0
SAOUHSC_01577	0	0	0
SAOUHSC_01578	0	0	0
SAOUHSC_01579	0	0	0
SAOUHSC_01580	0	0	0
SAOUHSC_01582	0	0	0
SAOUHSC_01636	0	0	0
SAOUHSC_01851	0	0	0
SAOUHSC_02015	0	0	0
SAOUHSC_02016	0	0	0
SAOUHSC_02017	0	0	0
SAOUHSC_02018	0	0	0
SAOUHSC_02019	0	0	0
SAOUHSC_02020	0	0	0
SAOUHSC_02021	0	0	0
SAOUHSC_02022	0	0	0
SAOUHSC_02023	0	0	0
SAOUHSC_02025	0	0	0
SAOUHSC_02026	0	0	0
SAOUHSC_02027	0	0	0
SAOUHSC_02028	0	0	0
SAOUHSC_02029	0	0	0
SAOUHSC_02030	0	0	0
SAOUHSC_02031	0	0	0
SAOUHSC_02033	0	0	0
SAOUHSC_02034	0	0	0
SAOUHSC_02035	0	0	0
SAOUHSC_02036	0	0	0
SAOUHSC_02037	0	0	0
SAOUHSC_02038	0	0	0
SAOUHSC_02040	0	0	0
SAOUHSC_02041	0	0	0
SAOUHSC_02042	0	0	0
SAOUHSC_02043	0	0	0
SAOUHSC_02044	0	0	0
SAOUHSC_02046	0	0	0
SAOUHSC_02047	0	0	0
SAOUHSC_02048	0	0	0
SAOUHSC_02049	0	0	0
SAOUHSC_02050	0	0	0
SAOUHSC_02051	0	0	0
SAOUHSC_02052	0	0	0
SAOUHSC_02053	0	0	0
SAOUHSC_02054	0	0	0
SAOUHSC_02055	0	0	0
SAOUHSC_02056	0	0	0
SAOUHSC_02057	0	0	0
SAOUHSC_02058	0	0	0
SAOUHSC_02059	0	0	0
SAOUHSC_02060	0	0	0
SAOUHSC_02061	0	0	0
SAOUHSC_02062	0	0	0
SAOUHSC_02063	0	0	0
SAOUHSC_02064	0	0	0
SAOUHSC_02065	0	0	0
SAOUHSC_02066	0	0	0
SAOUHSC_02067	0	0	0
SAOUHSC_02068	0	0	0
SAOUHSC_02070	0	0	0
SAOUHSC_02071	0	0	0
SAOUHSC_02072	0	0	0
SAOUHSC_02073	0	0	0
SAOUHSC_02074	0	0	0
SAOUHSC_02075	0	0	0
SAOUHSC_02076	0	0	0
SAOUHSC_02077	0	0	0
SAOUHSC_02078	0	0	0
SAOUHSC_02079	0	0	0
SAOUHSC_02080	0	0	0
SAOUHSC_02081	0	0	0
SAOUHSC_02083	0	0	0
SAOUHSC_02084	0	0	0
SAOUHSC_02085	0	0	0
SAOUHSC_02086	0	0	0
SAOUHSC_02087	0	0	0
SAOUHSC_02088	0	0	0
SAOUHSC_02089	0	0	0
SAOUHSC_02164	0	0	0
SAOUHSC_02166	0	0	0
SAOUHSC_02167	0	0	0
SAOUHSC_02169	0	0	0
SAOUHSC_02170	0	0	0
SAOUHSC_02171	0	0	0
SAOUHSC_02173	0	0	0
SAOUHSC_02174	0	0	0
SAOUHSC_02177	0	0	0
SAOUHSC_02178	0	0	0
SAOUHSC_02179	0	0	0
SAOUHSC_02180	0	0	0
SAOUHSC_02181	0	0	0
SAOUHSC_02182	0	0	0
SAOUHSC_02183	0	0	0
SAOUHSC_02184	0	0	0
SAOUHSC_02185	0	0	0
SAOUHSC_02186	0	0	0
SAOUHSC_02187	0	0	0
SAOUHSC_02188	0	0	0
SAOUHSC_02189	0	0	0
SAOUHSC_02190	0	0	0
SAOUHSC_02191	0	0	0
SAOUHSC_02193	0	0	0
SAOUHSC_02194	0	0	0
SAOUHSC_02195	0	0	0
SAOUHSC_02196	0	0	0
SAOUHSC_02197	0	0	0
SAOUHSC_02198	0	0	0
SAOUHSC_02199	0	0	0
SAOUHSC_02200	0	0	0
SAOUHSC_02202	0	0	0
SAOUHSC_02203	0	0	0
SAOUHSC_02204	0	0	0
SAOUHSC_02205	0	0	0
SAOUHSC_02206	0	0	0
SAOUHSC_02207	0	0	0
SAOUHSC_02208	0	0	0
SAOUHSC_02209	0	0	0
SAOUHSC_02210	0	0	0
SAOUHSC_02211	0	0	0
SAOUHSC_02212	0	0	0
SAOUHSC_02213	0	0	0
SAOUHSC_02214	0	0	0
SAOUHSC_02215	0	0	0
SAOUHSC_02216	0	0	0
SAOUHSC_02217	0	0	0
SAOUHSC_02218	0	0	0
SAOUHSC_02219	0	0	0
SAOUHSC_02220	0	0	0
SAOUHSC_02221	0	0	0
SAOUHSC_02222	0	0	0
SAOUHSC_02223	0	0	0
SAOUHSC_02224	0	0	0
SAOUHSC_02225	0	0	0
SAOUHSC_02226	0	0	0
SAOUHSC_02227	0	0	0
SAOUHSC_02228	0	0	0
SAOUHSC_02229	0	0	0
SAOUHSC_02232	0	0	0
SAOUHSC_02233	0	0	0
SAOUHSC_02234	0	0	0
SAOUHSC_02235	0	0	0
SAOUHSC_02236	0	0	0
SAOUHSC_02237	0	0	0
SAOUHSC_02238	0	0	0
SAOUHSC_02239	0	0	0
SAOUHSC_02734	0	0	0
SAOUHSC_02934	0	0	0
SAOUHSC_A01514	0	0	0
SAOUHSC_01859	10925	10925	10925
SAOUHSC_02874	4196	4196	4196
rpmE2	40507	40507	40507
SAOUHSC_02013	71631	71631	71631
murB	14454	14454	14454
SAOUHSC_00014	14726	14726	14726
SAOUHSC_01145	76251	76248	76251
hemA	72324	72324	72324
hemE	13838	13838	13838
argJ	997	997	997
SAOUHSC_01834	219	213	219
gltX	29212	29212	29212
SAOUHSC_00160	16077	16077	16077
SAOUHSC_01743	7548	7548	7548
adk	51382	51382	51382
SAOUHSC_02824	615	615	615
ubiE	19910	19910	19910
rpmB	168684	168684	168684
SAOUHSC_01472	18603	18603	18603
SAOUHSC_01047	551	551	551
SAOUHSC_02762	1808	1808	1808
SAOUHSC_00507	29136	29136	29136
SAOUHSC_00035	803	803	803
SAOUHSC_00054	410	367	410
SAOUHSC_01370	113	113	113
SAOUHSC_00654	5438	5438	5438
SAOUHSC_01078	23700	23700	23700
ileS	83862	83862	83862
SAOUHSC_02396	14581	14581	14581
SAOUHSC_02965	2461	2461	2461
ureC	10227	10227	10227
SAOUHSC_00058	5013	5013	5013
SAOUHSC_02592	2622	2622	2622
SAOUHSC_00172	952	952	952
SAOUHSC_00882	616	616	616
SAOUHSC_02138	7639	7639	7639
SAOUHSC_00071	8777	8777	8777
SAOUHSC_01347	380797	380797	380797
SAOUHSC_01938	168	155	168
SAOUHSC_00231	3281	3281	3281
SAOUHSC_02154	10333	10333	10333
SAOUHSC_01586	47689	47689	47689
SAOUHSC_02504	13077	13077	13077
SAOUHSC_00876	6309	6309	6309
clpX	116665	116665	116665
SAOUHSC_02942	1812	1812	1812
SAOUHSC_02753	9023	9023	9023
clpP	89271	89271	89271
ndk	67003	67003	67003
secE	6477	6477	6477
SAOUHSC_02904	204	204	204
SAOUHSC_00966	556	556	556
SAOUHSC_01600	16399	16399	16399
rpsO	53610	53610	53610
glyA	144501	144501	144501
SAOUHSC_00158	27150	27150	27150
SAOUHSC_02708	992	992	992
obgE	29087	29087	29087
murC	36278	36278	36278
SAOUHSC_01993	1445	0	1445
SAOUHSC_01772	22265	22265	22265
SAOUHSC_00467	12209	12209	12209
SAOUHSC_01622	7278	7278	7278
SAOUHSC_00975	2498	2498	2498
SAOUHSC_00514	6882	6882	6882
SAOUHSC_00433	3132	3132	3132
SAOUHSC_00215	66	66	66
SAOUHSC_02379	80195	60362	80195
SAOUHSC_01481	10937	10937	10937
SAOUHSC_00512	4584	4584	4584
mraW	130709	130709	130709
lysS	57135	57135	57135
SAOUHSC_T0002	715	0	715
rplO	29627	29627	29627
SAOUHSC_01477	181767	181767	181767
SAOUHSC_01866	27283	27283	27283
SAOUHSC_01149	190906	190906	190906
SAOUHSC_00473	19385	19385	19385
rpsR	17940	17940	17940
SAOUHSC_00309	22281	22281	22281
SAOUHSC_02485	67199	67199	67199
SAOUHSC_00656	28348	28348	28348
SAOUHSC_01759	14293	14293	14293
rpmD	11708	11708	11708
SAOUHSC_00230	8757	8757	8757
SAOUHSC_01915	7436	7436	7436
recF	27208	27208	27208
rplB	88315	88315	88315
SAOUHSC_01705	247	247	247
SAOUHSC_00003	8692	8692	8692
SAOUHSC_00968	168	168	168
SAOUHSC_00751	5621	5621	5621
SAOUHSC_01106	14910	14910	14910
SAOUHSC_01391	35527	35527	35527
SAOUHSC_02604	49685	49685	49685
SAOUHSC_01855	146863	146863	146863
SAOUHSC_01392	34022	34022	34022
SAOUHSC_01592	12013	12013	12013
SAOUHSC_00090	257	257	257
sdhB	155668	155668	155668
SAOUHSC_00788	27173	27173	27173
SAOUHSC_T00039	2044	0	2044
SAOUHSC_01118	3687	3510	3687
SAOUHSC_00401	3409	3409	3409
SAOUHSC_02005	2155	2155	2155
SAOUHSC_00723	2829	2829	2829
hisG	40	40	40
SAOUHSC_01861	18213	18213	18213
SAOUHSC_01416	305687	305687	305687
SAOUHSC_01100	67016	67016	67016
cbiO_1	7882	7882	7882
SAOUHSC_00211	5725	5725	5725
SAOUHSC_01673	20385	20385	20385
SAOUHSC_00786	28886	23535	28886
SAOUHSC_02285	403	403	403
ddl	33234	33234	33234
SAOUHSC_00418	24	24	24
SAOUHSC_01378	1190	1190	1190
SAOUHSC_00930	121	121	121
SAOUHSC_00412	44859	44859	44859
hslO	7486	7486	7486
SAOUHSC_00408	8091	8091	8091
SAOUHSC_00390	119	119	119
SAOUHSC_00783	7014	7014	7014
SAOUHSC_02852	2820	2820	2820
SAOUHSC_03025	1968	1968	1968
SAOUHSC_01969	38486	38486	38486
SAOUHSC_02317	37043	37043	37043
SAOUHSC_00982	5328	5328	5328
SAOUHSC_01806	145794	145794	145794
SAOUHSC_T00038	2099	0	2099
SAOUHSC_02894	758	758	758
SAOUHSC_01223	18929	18929	18929
murQ	14248	14248	14248
SAOUHSC_00398	3500	3499	3500
SAOUHSC_01237	7697	7697	7697
SAOUHSC_02724	8594	8594	8594
SAOUHSC_02270	67	67	67
SAOUHSC_01619	5293	5293	5293
SAOUHSC_00308	3837	3836	3837
SAOUHSC_02860	115913	115913	115913
tpx	99755	99755	99755
SAOUHSC_02945	4122	4122	4122
SAOUHSC_02580	13513	13513	13513
sdhA	280831	280831	280831
SAOUHSC_01408	31998	31998	31998
SAOUHSC_00024	6162	6162	6162
SAOUHSC_02377	145735	145735	145735
SAOUHSC_02481	5556	5556	5556
SAOUHSC_02638	6864	6864	6864
SAOUHSC_02772	9174	9174	9174
SAOUHSC_00349	38435	38435	38435
SAOUHSC_T00023	1732	1396	1732
SAOUHSC_02106	11292	11292	11292
SAOUHSC_01376	3846	3846	3846
trpA	663	663	663
SAOUHSC_01913	2083	2083	2083
SAOUHSC_02895	1227	1227	1227
SAOUHSC_01867	38973	38973	38973
SAOUHSC_01263	146314	146314	146314
eutD	113398	113398	113398
SAOUHSC_01032	758	758	758
SAOUHSC_02682	869	869	869
SAOUHSC_00762	3723	3723	3723
SAOUHSC_01071	16354	16354	16354
greA	16264	16264	16264
SAOUHSC_01437	22464	22464	22464
SAOUHSC_01676	94867	94867	94867
SAOUHSC_02668	960	960	960
SAOUHSC_T00043	1986	0	1986
SAOUHSC_02900	70216	70216	70216
SAOUHSC_01256	9895	9895	9895
rplW	18756	18756	18756
SAOUHSC_01973	35609	35609	35609
SAOUHSC_02684	864	864	864
alaS	58556	58556	58556
SAOUHSC_00459	3195	3195	3195
SAOUHSC_01401	13095	13095	13095
rpsM	36286	36286	36286
SAOUHSC_00798	217655	217655	217655
SAOUHSC_01687	15173	9406	15173
SAOUHSC_01323	19979	19979	19979
SAOUHSC_01505	10849	10849	10849
SAOUHSC_00647	35179	35179	35179
prfC	16260	16260	16260
SAOUHSC_00526	24588	24588	24588
SAOUHSC_01374	50419	50419	50419
SAOUHSC_02319	21600	21600	21600
SAOUHSC_T0004	7249	1662	7249
uvrA	39151	39151	39151
SAOUHSC_02898	1535	1535	1535
SAOUHSC_00660	17614	17614	17614
SAOUHSC_01771	46179	46179	46179
SAOUHSC_01901	56487	56487	56487
SAOUHSC_02667	29877	29877	29877
SAOUHSC_01893	1814	1814	1814
SAOUHSC_02298	98966	98917	98966
upp	52309	52309	52309
SAOUHSC_01675	78524	78524	78524
SAOUHSC_00858	10702	10702	10702
SAOUHSC_01222	32604	32604	32604
SAOUHSC_00848	94999	94999	94999
SAOUHSC_02385	12992	12990	12992
hisS	12731	12731	12731
SAOUHSC_00091	171	171	171
SAOUHSC_02469	13	13	13
SAOUHSC_01502	11925	11925	11925
SAOUHSC_02802	1393	1375	1393
SAOUHSC_00633	16243	16243	16243
SAOUHSC_01932	4256	4255	4256
SAOUHSC_02337	38634	38634	38634
SAOUHSC_00811	2266	2266	2266
SAOUHSC_02899	24114	24114	24114
SAOUHSC_00209	5498	5498	5498
hemH	12966	12966	12966
SAOUHSC_02261	16516	16516	16516
SAOUHSC_00339	551	551	551
SAOUHSC_00352	166	166	166
SAOUHSC_01447	11413	11413	11413
SAOUHSC_01813	12904	12904	12904
SAOUHSC_01486	34238	34238	34238
SAOUHSC_01351	28778	28778	28778
SAOUHSC_01811	29382	29382	29382
SAOUHSC_01284	8420	8420	8420
SAOUHSC_02764	564	564	564
SAOUHSC_00417	8102	8102	8102
SAOUHSC_00839	1964	1963	1964
SAOUHSC_01726	15634	15634	15634
SAOUHSC_T00047	733	733	733
SAOUHSC_02979	47917	47917	47917
SAOUHSC_01130	4552	4552	4552
rpsD	75336	75336	75336
SAOUHSC_00722	1305	1305	1305
SAOUHSC_01680	5110	5110	5110
SAOUHSC_00983	16681	16681	16681
SAOUHSC_00223	10248	10248	10248
SAOUHSC_01701	10937	10937	10937
SAOUHSC_00789	20888	20888	20888
SAOUHSC_T0001	730	0	730
SAOUHSC_01672	10630	10630	10630
SAOUHSC_00015	76494	76494	76494
acpP	96268	96268	96268
rplS	53487	53487	53487
SAOUHSC_00735	866	857	866
SAOUHSC_01935	259	230	259
SAOUHSC_00513	8680	8680	8680
asnC	130902	130902	130902
SAOUHSC_00981	413	413	413
SAOUHSC_00206	834	834	834
rplI	28318	28318	28318
SAOUHSC_00320	2201	2201	2201
SAOUHSC_01436	10897	10897	10897
SAOUHSC_02486	32909	32909	32909
SAOUHSC_02352	104550	104550	104550
SAOUHSC_02357	6011	6011	6011
SAOUHSC_01816	29928	29928	29928
SAOUHSC_02540	4802	4802	4802
SAOUHSC_01695	11278	11278	11278
SAOUHSC_02763	604	604	604
SAOUHSC_02268	18460	18460	18460
SAOUHSC_02671	581	581	581
SAOUHSC_01098	12269	12269	12269
SAOUHSC_00469	70458	70458	70458
pyrB	10210	10210	10210
SAOUHSC_00039	6525	6520	6525
SAOUHSC_01702	12353	12353	12353
SAOUHSC_02448	6093	6093	6093
SAOUHSC_01598	7564	7564	7564
SAOUHSC_01504	3561	3561	3561
SAOUHSC_00036	1538	1538	1538
SAOUHSC_01373	37013	37013	37013
argS	14433	14433	14433
gpsA	24809	24809	24809
SAOUHSC_00491	7839	7839	7839
SAOUHSC_00034	435	435	435
SAOUHSC_00021	43385	43385	43385
tpiA	119205	119205	119205
SAOUHSC_00504	27293	27293	27293
SAOUHSC_00109	37	37	37
rplQ	22161	22161	22161
rpsP	14905	14905	14905
SAOUHSC_00413	123071	123071	123071
SAOUHSC_01438	5984	5984	5984
SAOUHSC_01321	1827	1827	1827
SAOUHSC_T00051	3716	3332	3716
SAOUHSC_00710	25746	25746	25746
pyrE	3730	3730	3730
SAOUHSC_00510	5798	5798	5798
SAOUHSC_02257	17085	17085	17085
SAOUHSC_01936	199	199	199
SAOUHSC_01664	12707	12707	12707
SAOUHSC_01909	19009	19009	19009
rpmA	35336	35336	35336
SAOUHSC_02782	129	129	129
SAOUHSC_01614	31674	31674	31674
rplC	63525	63525	63525
SAOUHSC_00462	26534	26534	26534
SAOUHSC_01415	25241	25241	25241
SAOUHSC_01035	123626	123626	123626
SAOUHSC_00474	89883	89883	89883
SAOUHSC_01626	46566	46566	46566
SAOUHSC_01723	15354	15354	15354
SAOUHSC_01878	4028	4028	4028
SAOUHSC_T00059	241	0	241
SAOUHSC_00770	11	11	11
SAOUHSC_01715	13236	13236	13236
SAOUHSC_01266	32179	32179	32179
SAOUHSC_00485	9306	9306	9306
SAOUHSC_01074	4595	4595	4595
aspS	29916	29916	29916
ispD	26707	26707	26707
SAOUHSC_01933	10970	10006	10970
SAOUHSC_01912	4389	4389	4389
SAOUHSC_02282	377	377	377
SAOUHSC_00012	129	129	129
SAOUHSC_00946	13444	13444	13444
SAOUHSC_02849	45767	45767	45767
rpmG_1	19046	19046	19046
SAOUHSC_01320	1322	1322	1322
SAOUHSC_00945	10973	10973	10973
SAOUHSC_01944	144	144	144
SAOUHSC_01475	10131	10131	10131
SAOUHSC_03034	4442	4442	4442
SAOUHSC_01248	8061	8061	8061
SAOUHSC_01252	64545	64545	64545
SAOUHSC_01766	36282	36282	36282
SAOUHSC_01756	28723	28723	28723
SAOUHSC_01029	470104	470104	470104
valS	75446	75446	75446
truA	9330	9330	9330
SAOUHSC_02512a	39761	39761	39761
trmD	5244	5244	5244
SAOUHSC_01742	34208	34208	34208
SAOUHSC_01624	16698	16698	16698
SAOUHSC_00937	60058	60058	60058
SAOUHSC_01588	6105	6105	6105
SAOUHSC_00415	636	636	636
SAOUHSC_00905	47285	47285	47285
rplL	21835	21835	21835
leuS	66454	66454	66454
SAOUHSC_00018	48439	48439	48439
SAOUHSC_T00013	1721	0	1721
SAOUHSC_02102	29113	29113	29113
SAOUHSC_00123	2054	2054	2054
SAOUHSC_02906	2812	2812	2812
SAOUHSC_01265	9656	9656	9656
SAOUHSC_01662	30087	30087	30087
SAOUHSC_00234	7144	7144	7144
SAOUHSC_02267	11544	11544	11544
SAOUHSC_02155	6188	6188	6188
SAOUHSC_00917	812	812	812
SAOUHSC_01791	21507	21507	21507
SAOUHSC_02122	25442	25442	25442
SAOUHSC_01070	6379	6379	6379
SAOUHSC_02416	5	5	5
SAOUHSC_01812	15437	15437	15437
SAOUHSC_02978	36933	36933	36933
SAOUHSC_00860	21716	21716	21716
SAOUHSC_00802	9558	9558	9558
SAOUHSC_02356	2633	2633	2633
SAOUHSC_02244	17668	17668	17668
eno	669964	669964	669964
SAOUHSC_02850	11141	11141	11141
SAOUHSC_02784	888	888	888
SAOUHSC_00228	77534	77534	77534
SAOUHSC_02286	376	376	376
SAOUHSC_02280	1513	1512	1513
SAOUHSC_00558	2123	2123	2123
SAOUHSC_00530	1357861	1357861	1357861
nsaS	6657	6657	6657
SAOUHSC_01193	88778	88778	88778
glmM	49805	49805	49805
SAOUHSC_01699	10478	10478	10478
SAOUHSC_00598	356	356	356
SAOUHSC_00628	9083	9083	9083
SAOUHSC_02331	2442	2442	2442
SAOUHSC_01175	19558	19558	19558
SAOUHSC_01337	205023	205023	205023
SAOUHSC_01583	11900	11898	11900
SAOUHSC_01322	1523	1523	1523
SAOUHSC_01087	378	361	378
SAOUHSC_03021	89	89	89
SAOUHSC_00188	2720	2720	2720
SAOUHSC_02350	137599	137599	137599
SAOUHSC_01383	29621	29621	29621
SAOUHSC_00416	6837	6837	6837
rpsI	76920	76920	76920
secA	74459	74459	74459
SAOUHSC_01022	2707	2707	2707
SAOUHSC_00246	1400	1400	1400
SAOUHSC_01058	24952	24952	24952
SAOUHSC_01679	23375	23375	23375
SAOUHSC_00834	27316	27316	27316
SAOUHSC_03008	667	667	667
SAOUHSC_01045	1177	1177	1177
uvrC	10922	10922	10922
pgi	207438	207438	207438
SAOUHSC_01179	35438	35438	35438
SAOUHSC_01826	10	10	10
SAOUHSC_00627	1657	1657	1657
SAOUHSC_01021	7870	7870	7870
SAOUHSC_00208	285	283	285
SAOUHSC_02706	3212	3212	3212
SAOUHSC_01854	101288	101288	101288
SAOUHSC_00658	14600	14600	14600
SAOUHSC_00400	1689	1689	1689
SAOUHSC_00580	750	750	750
SAOUHSC_00191	478	478	478
SAOUHSC_02349	64842	64842	64842
SAOUHSC_01730	17485	17485	17485
SAOUHSC_01670	10277	10277	10277
SAOUHSC_T00058	1982	762	1982
SAOUHSC_01249	20983	20983	20983
SAOUHSC_02836	1691	1691	1691
SAOUHSC_02124	6477	6477	6477
SAOUHSC_01141	8084	8084	8084
SAOUHSC_00023	17195	17195	17195
rpmH	15247	15247	15247
SAOUHSC_01474	9748	9748	9748
SAOUHSC_00901	2404	2404	2404
SAOUHSC_01735	10732	10732	10732
SAOUHSC_02123	22227	22227	22227
SAOUHSC_02786	4072	4072	4072
mutL	11867	11867	11867
SAOUHSC_01960	21216	21216	21216
SAOUHSC_00486	154743	154743	154743
SAOUHSC_01739	15810	15810	15810
SAOUHSC_01287	108459	108459	108459
SAOUHSC_01205	18595	18595	18595
thrS	76622	76622	76622
SAOUHSC_01164	23832	23832	23832
SAOUHSC_T00032	2357	2287	2357
SAOUHSC_03031	4400	4400	4400
rpoZ	8532	8532	8532
SAOUHSC_T00014	1659	0	1659
SAOUHSC_00503	16052	16052	16052
tsf	196672	196672	196672
SAOUHSC_00624	4148	4148	4148
SAOUHSC_02710	731	731	731
SAOUHSC_01696	15851	15851	15851
SAOUHSC_00458	673	673	673
SAOUHSC_T00012	1678	0	1678
rplK	63250	63250	63250
SAOUHSC_02768	261	261	261
rplU	39482	39482	39482
SAOUHSC_00061	3938	3938	3938
SAOUHSC_01979	4602	4602	4602
rplA	75365	75365	75365
SAOUHSC_01077	60166	60166	60166
SAOUHSC_01802	63710	63710	63710
SAOUHSC_01585	25948	25948	25948
SAOUHSC_02754	6113	6113	6113
SAOUHSC_01469	9464	9464	9464
SAOUHSC_01129	1839	1839	1839
ruvB	21638	21638	21638
queA	17575	17575	17575
SAOUHSC_00517	31720	31720	31720
SAOUHSC_00626	1927	1927	1927
SAOUHSC_01185	17052	17052	17052
SAOUHSC_01186	10010	10010	10010
SAOUHSC_00397	9934	8952	9934
SAOUHSC_00854	13670	13670	13670
SAOUHSC_01686	1834	1834	1834
SAOUHSC_00528	124250	124250	124250
SAOUHSC_00101	35463	35463	35463
SAOUHSC_01163	10421	10421	10421
SAOUHSC_02107	25732	25732	25732
rplJ	50497	50497	50497
SAOUHSC_02933	13515	13515	13515
SAOUHSC_00100	11548	8677	11548
SAOUHSC_00187	8959	8959	8959
SAOUHSC_02646	1933	1933	1933
SAOUHSC_01451	123	123	123
SAOUHSC_01925	56	56	56
SAOUHSC_00878	194104	194104	194104
SAOUHSC_00005	55300	55300	55300
SAOUHSC_00226	46951	46951	46951
SAOUHSC_T00048	2478	146	2478
SAOUHSC_00559	475	475	475
SAOUHSC_01645	9797	9797	9797
rbgA	4726	4726	4726
SAOUHSC_01240	46591	46591	46591
SAOUHSC_01099	22473	22473	22473
SAOUHSC_01349	6061	6061	6061
SAOUHSC_00994	397543	397543	397543
SAOUHSC_00122	2920	2920	2920
SAOUHSC_01406	8300	8300	8300
SAOUHSC_T00053	2380	0	2380
SAOUHSC_01187	33796	33796	33796
infC	29358	29358	29358
SAOUHSC_01652	58905	58905	58905
SAOUHSC_00671	201229	201229	201229
SAOUHSC_03032	2921	2921	2921
SAOUHSC_01601	19045	19045	19045
SAOUHSC_00354	584	584	584
SAOUHSC_01667	13217	13217	13217
rpoB	312589	312589	312589
SAOUHSC_02160	217	217	217
coaE	19758	19758	19758
SAOUHSC_02848	8116	8116	8116
rplT	27522	27519	27522
rpsL	124544	124544	124544
SAOUHSC_01221	359	359	359
engA	38187	38187	38187
SAOUHSC_02885	42975	42975	42975
SAOUHSC_01663	14991	14991	14991
SAOUHSC_00525	262293	262293	262293
SAOUHSC_01050	23268	23268	23268
SAOUHSC_00437	13982	13982	13982
SAOUHSC_00610	3240	3240	3240
SAOUHSC_00523	5017	5017	5017
SAOUHSC_02294	70	70	70
SAOUHSC_00680	792	792	792
SAOUHSC_01150	281681	281681	281681
smpB	8253	8253	8253
SAOUHSC_01857	126936	126936	126936
SAOUHSC_00676	17998	17998	17998
SAOUHSC_01182	4960	4960	4960
SAOUHSC_02412	3102	2122	3102
SAOUHSC_01658	10091	10091	10091
SAOUHSC_00685	4724	4724	4724
rplM	55212	55212	55212
SAOUHSC_02343	188427	188427	188427
SAOUHSC_00667	7920	7920	7920
SAOUHSC_00484	10560	10560	10560
SAOUHSC_00914	50	50	50
SAOUHSC_00851	94430	94430	94430
SAOUHSC_01612	22052	22052	22052
SAOUHSC_00625	16319	16319	16319
SAOUHSC_01510	349	349	349
SAOUHSC_02425	345748	345748	345748
SAOUHSC_01381	720	720	720
SAOUHSC_00022	36475	36475	36475
SAOUHSC_00551	8336	8336	8336
SAOUHSC_02746	236	236	236
rnhB	3832	3832	3832
SAOUHSC_00691	12092	12092	12092
SAOUHSC_01644	21128	21128	21128
SAOUHSC_00227	68082	68081	68082
SAOUHSC_01425	6906	6906	6906
era	22487	22487	22487
SAOUHSC_01587	13103	13103	13103
SAOUHSC_01299	5	5	5
SAOUHSC_02266	10	10	10
hemC	13971	13971	13971
SAOUHSC_01239	17955	17955	17955
SAOUHSC_00549	17492	17492	17492
SAOUHSC_02347	107111	107111	107111
SAOUHSC_01688	39153	39153	39153
SAOUHSC_02324	4479	4479	4479
SAOUHSC_00560	319	319	319
SAOUHSC_00557	662	662	662
SAOUHSC_01238	10233	10233	10233
SAOUHSC_00693	9503	9503	9503
SAOUHSC_00976	958	958	958
SAOUHSC_01207	39627	39627	39627
SAOUHSC_01171	5028	5028	5028
SAOUHSC_00302	3085	3085	3085
SAOUHSC_01460	11195	11195	11195
SAOUHSC_01697	16664	16664	16664
atpC	103568	103568	103568
SAOUHSC_00439	1646	1646	1646
SAOUHSC_01910	530749	530749	530749
SAOUHSC_01153	24963	24963	24963
SAOUHSC_02327	28766	28766	28766
SAOUHSC_01623	41121	41121	41121
SAOUHSC_00954	13546	13546	13546
SAOUHSC_T00061	271	0	271
SAOUHSC_T00011	390	0	390
SAOUHSC_T00021	1253	0	1253
SAOUHSC_00438	2975	2975	2975
SAOUHSC_00152	19917	19917	19917
SAOUHSC_00794	52794	52794	52794
SAOUHSC_T00046	317	247	317
tig	210105	210105	210105
SAOUHSC_00675	36948	36948	36948
SAOUHSC_01611	29442	29442	29442
SAOUHSC_02241	431	431	431
SAOUHSC_01431	30017	30017	30017
SAOUHSC_02574	21884	21884	21884
SAOUHSC_00803	47972	47972	47972
SAOUHSC_00827	1234	1234	1234
SAOUHSC_01744	6897	6897	6897
SAOUHSC_02273	17497	17497	17497
SAOUHSC_01245	4699	4699	4699
SAOUHSC_00849	95220	95220	95220
SAOUHSC_T00054	2414	0	2414
SAOUHSC_00529	578842	578842	578842
SAOUHSC_00353	73	73	73
SAOUHSC_00006	84776	84776	84776
SAOUHSC_02341	362522	362522	362522
SAOUHSC_01659	14488	14488	14488
SAOUHSC_01288	19	19	19
gatA	77354	77354	77354
SAOUHSC_02345	333860	333860	333860
SAOUHSC_T0003	751	0	751
SAOUHSC_00692	7032	7032	7032
SAOUHSC_00323	6284	6165	6284
SAOUHSC_01646	29737	29737	29737
SAOUHSC_01764	69	69	69
SAOUHSC_01958	2203	2203	2203
SAOUHSC_00505	102166	102166	102166
SAOUHSC_02530	232	232	232
thyA	17129	17129	17129
SAOUHSC_00929	60	60	60
SAOUHSC_01306	11	11	11
SAOUHSC_01269	17866	17866	17866
SAOUHSC_00955	1888	1888	1888
SAOUHSC_01271	5886	5886	5886
SAOUHSC_01063	11462	11462	11462
SAOUHSC_02278	1663	1663	1663
SAOUHSC_00399	95	95	95
SAOUHSC_01700	23453	23453	23453
SAOUHSC_00153	87562	87562	87562
rpmI	15859	15859	15859
SAOUHSC_00550	13707	13707	13707
SAOUHSC_01877	7708	7708	7708
SAOUHSC_00855	16404	16404	16404
ipk	11022	11022	11022
SAOUHSC_T0006	35	35	35
SAOUHSC_01046	2156	2156	2156
SAOUHSC_02384	2530	2530	2530
SAOUHSC_T00022	1082	0	1082
rpsU	51772	51772	51772
SAOUHSC_00793	10165	10165	10165
SAOUHSC_02534	3241	3156	3241
SAOUHSC_01270	5069	5069	5069
SAOUHSC_01242	9345	9345	9345
polC	29830	29830	29830
SAOUHSC_01953	863	863	863
SAOUHSC_00896	10267	9839	10267
SAOUHSC_T00056	2152	2152	2152
SAOUHSC_01717	10877	10877	10877
SAOUHSC_00577	13423	13423	13423
SAOUHSC_01508	2471	2471	2471
gatC	23069	23069	23069
SAOUHSC_T00027	871	867	871
SAOUHSC_01184	15744	15744	15744
SAOUHSC_02873	17815	17815	17815
SAOUHSC_00569	27157	27157	27157
SAOUHSC_01412	4635	4635	4635
SAOUHSC_02681	458	458	458
SAOUHSC_02323	8290	8290	8290
SAOUHSC_01613	26106	26106	26106
SAOUHSC_01808	14094	14094	14094
SAOUHSC_00060	43633	43633	43633
SAOUHSC_01456	1973	1973	1973
SAOUHSC_01967	20734	20734	20734
SAOUHSC_02726	1844	1844	1844
SAOUHSC_00727	9167	9167	9167
SAOUHSC_02573	13882	13882	13882
groES	24281	24281	24281
SAOUHSC_T00055	2382	0	2382
SAOUHSC_T00025	1057	0	1057
SAOUHSC_00997	11717	11717	11717
pyrC	17611	17611	17611
pheT	45216	45216	45216
SAOUHSC_01432	58519	58519	58519
SAOUHSC_01031	2062	2062	2062
SAOUHSC_00578	19621	19621	19621
infB	48197	48197	48197
pyrG	33816	33816	33816
gatB	100413	100413	100413
SAOUHSC_02381	6347	6347	6347
SAOUHSC_00201	1654	1654	1654
SAOUHSC_00129	10408	10408	10408
pheS	16980	16980	16980
prfA	19030	19030	19030
SAOUHSC_00155	18663	18660	18663
SAOUHSC_01413	2425	2425	2425
SAOUHSC_02326	1766	1760	1766
SAOUHSC_01429	30508	30508	30508
SAOUHSC_T00033	3654	3654	3654
SAOUHSC_00850	38300	38300	38300
SAOUHSC_00822	1182	1182	1182
SAOUHSC_02752	3781	3781	3781
carB	33260	33260	33260
SAOUHSC_00729	10724	10724	10724
prmA	13306	13306	13306
SAOUHSC_02329	3847	3847	3847
SAOUHSC_01327	180371	180371	180371
SAOUHSC_00146	1478	1478	1478
SAOUHSC_01154	37686	37686	37686
SAOUHSC_01183	12473	12473	12473
SAOUHSC_00728	86989	86989	86989
SAOUHSC_02932	8933	8933	8933
SAOUHSC_02250	160	160	160
SAOUHSC_T00035	393	299	393
SAOUHSC_02113	4181	4181	4181
SAOUHSC_01584	9341	8606	9341
SAOUHSC_01049	5216	5216	5216
SAOUHSC_01770	566	566	566
SAOUHSC_02709	348	348	348
SAOUHSC_01361	16812	16812	16812
SAOUHSC_01430	53198	53198	53198
SAOUHSC_00717	5130	5130	5130
SAOUHSC_01618	27893	27893	27893
SAOUHSC_01761a	89	89	89
SAOUHSC_01843	1991	1991	1991
recU	26154	26154	26154
SAOUHSC_02769	200	200	200
SAOUHSC_00711	27919	27919	27919
SAOUHSC_00579	20012	20012	20012
SAOUHSC_00282	1262	1262	1262
SAOUHSC_02277	5880	5880	5880
SAOUHSC_01467	181174	181174	181174
nusA	23581	23581	23581
SAOUHSC_00688	25077	25077	25077
SAOUHSC_02358	12301	12301	12301
SAOUHSC_00902	5326	5326	5326
SAOUHSC_00099	2890	2890	2890
SAOUHSC_02360	12362	12362	12362
SAOUHSC_00903	7844	7844	7844
SAOUHSC_02108	8122	8122	8122
SAOUHSC_T00060	242	0	242
SAOUHSC_00897	33138	33138	33138
SAOUHSC_01272	13522	13522	13522
SAOUHSC_00341	124	124	124
SAOUHSC_01682	12705	12705	12705
SAOUHSC_00291	3350	3350	3350
SAOUHSC_01716	19650	19650	19650
gmk	29929	29929	29929
SAOUHSC_01809	15109	15109	15109
SAOUHSC_T00030	1998	1942	1998
SAOUHSC_00340	164	164	164
SAOUHSC_00912	31929	31929	31929
SAOUHSC_T00036	4949	4660	4949
SAOUHSC_01169	14133	14133	14133
SAOUHSC_02251	42	42	42
SAOUHSC_01307	710	710	710
SAOUHSC_01810	22838	22838	22838
SAOUHSC_01359	30297	30297	30297
SAOUHSC_00957	5779	5779	5779
SAOUHSC_00689	19311	19311	19311
SAOUHSC_00396	8	8	8
def	18359	18359	18359
SAOUHSC_01513	3483	3483	3483
SAOUHSC_02264	41256	41256	41256
SAOUHSC_00646	3711	3711	3711
SAOUHSC_T00037	882	633	882
SAOUHSC_T0005	216	216	216
SAOUHSC_02325	1732	1730	1732
SAOUHSC_02855	12291	12291	12291
SAOUHSC_01244	4235	4235	4235
SAOUHSC_02243	218	218	218
SAOUHSC_02175	3911	3911	3911
SAOUHSC_T00010	1353	0	1353
SAOUHSC_01684	44472	44472	44472
SAOUHSC_02364	12085	12085	12085
SAOUHSC_02571	54863	54863	54863
SAOUHSC_02968	244	244	244
SAOUHSC_01121	808	808	808
SAOUHSC_T00018	1558	177	1558
SAOUHSC_01512	2402	2402	2402
SAOUHSC_00236	9256	9256	9256
SAOUHSC_02330	3830	3830	3830
SAOUHSC_00128	10083	10083	10083
SAOUHSC_02316	31649	31649	31649
SAOUHSC_00336	88330	88330	88330
SAOUHSC_T00050	105	105	105
SAOUHSC_00293	2663	2663	2663
SAOUHSC_02892	1212	1212	1212
SAOUHSC_02265	34638	34638	34638
SAOUHSC_T0008	1375	0	1375
SAOUHSC_00121	3160	3160	3160
SAOUHSC_03006	71191	71191	71191
SAOUHSC_T00031	493	493	493
SAOUHSC_01275	109609	109609	109609
SAOUHSC_02893	1221	1221	1221
SAOUHSC_02394	5	5	5
SAOUHSC_T0009	1415	0	1415
SAOUHSC_02279	4009	4009	4009
SAOUHSC_01763	74	74	74
ribH	1429	1429	1429
dnaK	172520	172520	172520
SAOUHSC_00235	4122	4122	4122
SAOUHSC_02176	91	91	91
SAOUHSC_02365	29338	29338	29338
thiE	3406	3406	3406
SAOUHSC_02389	7415	7415	7415
SAOUHSC_00127	6182	6182	6182
SAOUHSC_02397	4287	4287	4287
SAOUHSC_02583	12391	12391	12391
SAOUHSC_02720	2	2	2
SAOUHSC_T00028	132	0	132
SAOUHSC_00126	3413	3413	3413
SAOUHSC_00120	7777	7777	7777
SAOUHSC_02672	816	816	816
SAOUHSC_01780	11	11	11
groEL	146052	146052	146052
SAOUHSC_03024	5667	5667	5667
SAOUHSC_00097	1356	1356	1356
SAOUHSC_00857	187	187	187
SAOUHSC_02721	2437	2437	2437
SAOUHSC_00125	7068	7068	7068
SAOUHSC_01285	11463	11463	11463
SAOUHSC_01511	2018	1834	2018
SAOUHSC_00119	8222	8222	8222
SAOUHSC_01298	3	3	3
SAOUHSC_00292	3933	3929	3933
SAOUHSC_02283	27	27	27
glpK	127355	127355	127355
SAOUHSC_00038	85	85	85
SAOUHSC_02012	6063	6063	6063
SAOUHSC_01200	5025	5025	5025
SAOUHSC_R00010	2214	0	2214
SAOUHSC_01135	1468	1468	1468
SAOUHSC_R00016	9	0	9
SAOUHSC_02399	900940	900940	900940
SAOUHSC_02411	64	64	64
SAOUHSC_02629	4130	4130	4130
SAOUHSC_01889	5121	5121	5121
SAOUHSC_00118	6390	6390	6390
SAOUHSC_02332	4546	4546	4546
SAOUHSC_02100	3918	3918	3918
SAOUHSC_R0009	2317	0	2317
SAOUHSC_03033	5951	5951	5951
SAOUHSC_01838	69667	69667	69667
SAOUHSC_02099	9209	9209	9209
SAOUHSC_01199	72213	72213	72213
SAOUHSC_02840	6147	6147	6147
SAOUHSC_02388	3854	3854	3854
SAOUHSC_01972	26682	26682	26682
SAOUHSC_02975	18564	18564	18564
SAOUHSC_02976	12056	12056	12056
SAOUHSC_R0003	80357	1961	80357
SAOUHSC_00870	16858	16858	16858
SAOUHSC_00411	15	15	15
SAOUHSC_01976	13	13	13
SAOUHSC_02857	2	2	2
SAOUHSC_T00057	4	0	4
SAOUHSC_00116	6267	6267	6267
SAOUHSC_01196	24525	24525	24525
SAOUHSC_00921	120134	120134	120134
SAOUHSC_R0001	85819	2102	85819
SAOUHSC_01198	70894	70894	70894
SAOUHSC_01887	3221	3221	3221
SAOUHSC_00998	4469	4469	4469
SAOUHSC_00240	1016	1016	1016
SAOUHSC_02635	8871	8871	8871
SAOUHSC_00111	28	28	28
SAOUHSC_R0005	158	3	158
SAOUHSC_02841	13412	13412	13412
SAOUHSC_01278	77430	77430	77430
SAOUHSC_00871	3603	3603	3603
SAOUHSC_00114	3804	3804	3804
SAOUHSC_00115	5557	5557	5557
SAOUHSC_R0007	102689	2078	102689
SAOUHSC_02839	16691	16691	16691
SAOUHSC_00639	1971	1971	1971
SAOUHSC_00239	3237	3237	3237
SAOUHSC_02333	22743	22743	22743
SAOUHSC_02630	1881	1881	1881
SAOUHSC_00356	48204	48204	48204
SAOUHSC_01136	2318	2318	2318
SAOUHSC_01888	1585	1585	1585
SAOUHSC_00241	1728	1728	1728
SAOUHSC_R00013	19	0	19
SAOUHSC_00117	12137	12137	12137
SAOUHSC_02098	7728	7728	7728
SAOUHSC_01197	65457	65457	65457
SAOUHSC_01736	65	65	65
SAOUHSC_R0004	27868	635	27868
SAOUHSC_R0008	140445	3063	140445
SAOUHSC_T00019	8	0	8
SAOUHSC_T00049	416	416	416
SAOUHSC_T0007	100	25	100
SAOUHSC_00174	435	435	435
SAOUHSC_01794	406939	406939	406939
SAOUHSC_03023	23737	23737	23737
SAOUHSC_02805	4	4	4
SAOUHSC_00920	49334	49334	49334
SAOUHSC_01839	24197	24197	24197
SAOUHSC_02576	70931	70931	70931
SAOUHSC_R00015	13	0	13
SAOUHSC_00872	58925	58925	58925
SAOUHSC_00154	7	7	7
SAOUHSC_01760	3215	3215	3215
SAOUHSC_A02811	3	3	3
SAOUHSC_R00014	11	0	11
SAOUHSC_00869	76701	76701	76701
SAOUHSC_02866	34419	34419	34419
SAOUHSC_01844	0	0	0
SAOUHSC_01761	1337	1337	1337
SAOUHSC_01005	14362	14362	14362
SAOUHSC_01068	3	3	3
SAOUHSC_02115	0	0	0
SAOUHSC_T00017	0	0	0
SAOUHSC_02745	10	10	10
SAOUHSC_R00012	19	0	19
SAOUHSC_02717	6	6	6
SAOUHSC_00561	850	850	850
SAOUHSC_00737	0	0	0
SAOUHSC_00772	2	2	2
SAOUHSC_01339	1	1	1
SAOUHSC_01853	2	2	2
SAOUHSC_02838	1	1	1
SAOUHSC_02872	267	267	267
SAOUHSC_00243	0	0	0
SAOUHSC_01402	3	3	3
SAOUHSC_01963	2	2	2
SAOUHSC_02953	23749	23749	23749
SAOUHSC_02954	9885	9885	9885
SAOUHSC_03041	4082	4082	4082
SAOUHSC_3042a	9814	7420	9814
SAOUHSC_00355	7293	7293	7293
SAOUHSC_03040	194409	173444	194409
SAOUHSC_03042	16041	13605	16041
SAOUHSC_03037	469297	469297	469297
SAOUHSC_03036	349139	349139	349139
SAOUHSC_03037a	12808	9784	12808
SAOUHSC_00108	0	0	0
SAOUHSC_00387	0	0	0
SAOUHSC_00583	0	0	0
SAOUHSC_00677	0	0	0
SAOUHSC_00778	0	0	0
SAOUHSC_00809	0	0	0
SAOUHSC_00867	3	3	3
SAOUHSC_00967	1	1	1
SAOUHSC_01003	0	0	0
SAOUHSC_01109	0	0	0
SAOUHSC_01883	1	1	1
SAOUHSC_01934	1	1	1
SAOUHSC_02069	0	0	0
SAOUHSC_02105	0	0	0
SAOUHSC_02459	0	0	0
SAOUHSC_02634	1	1	1
SAOUHSC_02804	1	1	1
SAOUHSC_02890	0	0	0
SAOUHSC_02939	0	0	0
SAOUHSC_02948	0	0	0
SAOUHSC_02950	0	0	0
SAOUHSC_A01436	0	0	0
SAOUHSC_A02169	0	0	0
